0 30.5019
1 28.324
2 25.9033
3 23.8634
4 23.1867
5 21.9152
6 21.1993
7 20.5702
8 19.9481
9 19.1073
10 18.7995
11 18.0391
12 17.6174
13 17.9283
14 18.3235
15 17.4454
16 17.6898
17 16.8973
18 16.5917
19 16.6627
20 16.9378
21 17.058
22 16.659
23 16.6686
24 17.6475
25 17.3664
26 16.9483
27 16.9038
28 16.0729
29 15.8901
30 16.4451
31 16.2293
32 15.6835
33 16.1482
34 15.8141
35 15.1476
36 14.1911
37 13.395
38 12.2883
39 12.9172
40 12.4801
41 12.444
42 12.1263
43 12.2662
44 11.897
45 11.8702
46 12.4288
47 12.5553
48 12.1626
49 11.9338
50 12.2301
51 12.326
52 11.5126
53 12.136
54 12.4945
55 12.619
56 11.6375
57 12.0884
58 12.0997
59 11.9617
60 12.2119
61 11.597
62 11.6078
63 11.7854
64 11.289
65 11.7461
66 12.2857
67 11.5362
68 11.8101
69 11.6841
70 11.8009
71 11.5549
72 12.2942
73 11.6873
74 11.5115
75 11.1874
76 11.3509
77 11.0639
78 11.9347
79 12.1733
80 11.6222
81 11.8333
82 12.0652
83 12.3446
84 11.8757
85 11.6994
86 12.4092
87 12.1961
88 12.1784
89 11.589
90 11.6906
91 11.6229
92 12.2063
93 11.416
94 11.399
95 11.9828
96 11.1112
97 11.7516
98 12.0478
99 12.0207
100 11.9048
101 11.9858
102 12.0844
103 11.2733
104 11.3193
105 11.5343
106 11.9255
107 11.3085
108 12.0317
109 11.4233
110 11.0518
111 11.9205
112 11.8915
113 11.7071
114 11.634
115 11.6209
116 11.3651
117 12.1565
118 11.8141
119 12.5986
120 11.8549
121 11.8742
122 12.2364
123 11.8336
124 11.7933
125 11.9885
126 11.2276
127 11.0665
128 11.8995
129 11.7287
130 10.96
131 11.648
132 11.6631
133 11.8393
134 12.4406
135 11.4297
136 11.4543
137 11.8298
138 11.9209
139 11.5913
140 12.1938
141 11.5302
142 11.4356
143 11.4907
144 11.7059
145 11.3649
146 12.1185
147 11.5616
148 11.0925
149 11.4858
150 11.8053
151 11.5959
152 11.6908
153 11.4163
154 11.4674
155 11.7902
156 12.4082
157 11.9592
158 12.1282
159 11.8816
160 11.9921
161 11.8409
162 11.3306
163 11.6754
164 11.7063
165 11.7733
166 11.4781
167 11.567
168 11.4579
169 11.6133
170 11.3215
171 11.4594
172 11.5008
173 11.3978
174 11.6555
175 11.4224
176 12.0816
177 11.4819
178 11.8264
179 11.576
180 11.8603
181 11.1479
182 11.6983
183 12.1327
184 12.3919
185 11.7062
186 11.4833
187 11.0877
188 11.7648
189 11.7794
190 11.2725
191 10.9619
192 11.7544
193 11.2112
194 11.5563
195 11.2595
196 11.3802
197 11.2653
198 11.5065
199 12.0865
200 11.8644
201 11.7453
202 11.8847
203 11.8992
204 12.3826
205 11.9852
206 12.1587
207 11.7103
208 11.1445
209 10.9456
210 11.1889
211 11.8305
212 12.0821
213 11.0863
214 12.1327
215 11.9947
216 12.5647
217 11.7597
218 11.8118
219 11.4506
220 11.4385
221 11.3093
222 12.1618
223 11.8935
224 12.0215
225 12.0608
226 11.5688
227 11.4561
228 11.4812
229 12.0547
230 11.0159
231 11.589
232 12.1968
233 11.3625
234 12.1545
235 11.7411
236 11.1153
237 11.0981
238 11.9195
239 11.527
240 10.9092
241 11.1117
242 11.0938
243 11.4782
244 11.9345
245 11.603
246 10.9576
247 11.2676
248 11.3383
249 11.4564
250 11.3809
251 11.2269
252 11.5604
253 11.5569
254 11.8423
255 11.6491
256 11.1533
257 11.9784
258 11.938
259 11.4544
260 11.4815
261 11.754
262 11.7222
263 11.8014
264 11.3817
265 12.0473
266 11.4535
267 11.6679
268 11.7489
269 11.2125
270 11.1275
271 11.9857
272 11.589
273 11.6021
274 12.0035
275 11.6427
276 11.5706
277 11.7031
278 11.8497
279 12.1733
280 11.4725
281 11.6656
282 11.2421
283 12.0179
284 11.4219
285 10.9529
286 11.0189
287 11.6398
288 11.6812
289 11.3108
290 11.3792
291 11.87
292 12.4724
293 12.0712
294 11.5077
295 11.1982
296 11.406
297 10.8878
298 10.883
299 10.8424
300 11.3751
301 10.7398
302 11.1888
303 11.5254
304 11.4764
305 11.1323
306 11.2308
307 10.9999
308 11.137
309 12.1681
310 11.2746
311 11.7486
312 12.0503
313 11.5416
314 10.8138
315 10.7557
316 10.2513
317 10.5319
318 10.7047
319 11.19
320 10.2425
321 10.1432
322 10.6659
323 10.2253
324 11.0317
325 10.9163
326 10.4214
327 10.3185
328 10.5276
329 10.5275
330 9.83996
331 10.0244
332 10.1427
333 10.7002
334 10.1636
335 10.165
336 10.0433
337 10.4943
338 9.87826
339 9.89471
340 9.95037
341 9.89644
342 10.1562
343 10.2213
344 10.4281
345 9.77339
346 9.92221
347 10.2701
348 10.0296
349 9.97874
350 10.0681
351 9.85403
352 10.377
353 10.6948
354 9.47444
355 9.61855
356 9.25988
357 9.91345
358 9.5929
359 9.1282
360 9.08784
361 9.08509
362 8.76971
363 9.01816
364 9.20246
365 9.67547
366 8.83084
367 9.25929
368 8.77828
369 8.81944
370 8.99959
371 9.26725
372 9.02031
373 9.0181
374 9.56359
375 9.23418
376 9.21178
377 8.79486
378 9.21495
379 8.92725
380 9.22248
381 9.13677
382 9.00949
383 9.35364
384 8.88959
385 9.03977
386 8.82782
387 9.14033
388 8.94953
389 9.64281
390 8.88735
391 9.61395
392 8.85664
393 8.94483
394 8.8674
395 8.99361
396 9.96195
397 9.46947
398 9.48029
399 9.33797
400 9.19929
401 9.13085
402 8.78973
403 8.61679
404 8.60783
405 8.2671
406 8.20728
407 8.35457
408 8.1137
409 7.98468
410 7.92306
411 7.70756
412 8.61967
413 8.39642
414 7.66874
415 8.97075
416 8.55596
417 8.36633
418 7.93602
419 8.57395
420 8.23257
421 8.13902
422 8.62697
423 8.44738
424 8.25307
425 8.24886
426 7.91157
427 8.22374
428 8.01959
429 8.77069
430 8.50627
431 7.62019
432 8.08418
433 8.36241
434 7.88942
435 8.04774
436 7.83818
437 8.08217
438 8.50851
439 7.80846
440 7.89869
441 8.33478
442 8.95965
443 8.71166
444 8.00132
445 8.29404
446 8.28553
447 8.02703
448 8.07184
449 8.29967
450 8.04847
451 7.88369
452 7.91554
453 8.4492
454 8.2431
455 7.80353
456 8.2595
457 8.34247
458 8.31633
459 9.02875
460 9.22764
461 8.41463
462 8.2915
463 8.3355
464 7.99259
465 7.81765
466 8.06578
467 8.49412
468 8.7665
469 8.14716
470 8.06261
471 8.07418
472 7.93189
473 8.49969
474 8.34736
475 8.0962
476 8.30589
477 7.8555
478 8.32142
479 8.61275
480 8.57802
481 9.2345
482 8.12013
483 8.05402
484 7.85897
485 8.47951
486 8.21685
487 8.00972
488 8.20133
489 8.20737
490 7.91614
491 7.90306
492 7.91747
493 7.99821
494 7.9186
495 7.93015
496 7.91209
497 8.20546
498 7.73534
499 8.14203
500 7.81461
501 7.81014
502 7.72058
503 8.3274
504 8.13074
505 7.98944
506 8.39119
507 8.60295
508 8.51333
509 8.59067
510 7.97135
511 8.20228
512 7.76688
513 8.24026
514 8.18651
515 8.16884
516 8.38896
517 8.49976
518 8.29506
519 7.84309
520 8.18512
521 8.02482
522 7.84413
523 7.78722
524 8.19229
525 7.928
526 8.1142
527 8.16214
528 8.2845
529 8.88038
530 8.41588
531 8.15602
532 7.5328
533 8.34472
534 7.62816
535 8.07179
536 8.46809
537 8.1779
538 7.87028
539 7.902
540 7.91798
541 7.94639
542 8.11903
543 8.00225
544 8.03756
545 8.13947
546 7.79359
547 8.12774
548 8.38588
549 8.03385
550 8.25735
551 8.20303
552 8.0709
553 8.00737
554 7.75199
555 7.86976
556 8.28799
557 7.59242
558 7.67875
559 8.5737
560 8.27674
561 7.77999
562 7.9436
563 7.70005
564 8.53328
565 8.51657
566 8.04319
567 8.45556
568 8.251
569 7.72084
570 8.67906
571 8.03488
572 8.01684
573 8.08958
574 8.1176
575 8.26298
576 8.06703
577 8.50954
578 7.73956
579 7.99493
580 8.00017
581 8.45172
582 7.79611
583 7.64472
584 8.27572
585 8.46836
586 8.38514
587 8.3559
588 7.78065
589 7.63813
590 7.87185
591 7.87534
592 8.15273
593 7.86841
594 8.12022
595 8.01925
596 7.91521
597 8.00681
598 8.35731
599 7.52225
600 8.02232
601 7.96348
602 7.38053
603 7.83406
604 8.24272
605 7.77522
606 7.3514
607 6.86328
608 6.55944
609 6.62511
610 6.65104
611 6.88681
612 6.96271
613 6.78387
614 7.01574
615 7.47419
616 7.14909
617 7.00763
618 7.3761
619 6.49474
620 6.76374
621 6.67
622 6.77949
623 7.50104
624 6.71405
625 6.63446
626 7.29001
627 7.4607
628 6.95709
629 6.40852
630 7.38465
631 6.79535
632 6.63097
633 6.54429
634 6.99325
635 7.08251
636 8.01783
637 6.79259
638 6.81907
639 6.68697
640 6.94329
641 6.68177
642 7.08034
643 6.96516
644 7.55457
645 7.26347
646 6.90466
647 7.3529
648 7.36653
649 7.32865
650 6.92324
651 7.61891
652 6.71332
653 7.3098
654 7.29106
655 6.98603
656 6.60404
657 6.61153
658 6.76833
659 7.65419
660 6.80108
661 7.58664
662 6.95521
663 7.08967
664 7.38414
665 6.99789
666 6.87294
667 6.82294
668 7.0853
669 7.24785
670 7.572
671 7.06062
672 6.63713
673 7.11035
674 6.89683
675 6.7456
676 7.06072
677 7.34573
678 7.28251
679 7.34514
680 7.50765
681 6.90087
682 6.75965
683 6.81641
684 6.7981
685 6.91082
686 6.89398
687 7.05543
688 7.22748
689 7.07973
690 7.02685
691 6.90287
692 7.06519
693 6.76798
694 6.62261
695 6.81473
696 7.31696
697 7.84277
698 7.12322
699 6.91204
700 6.67841
701 6.55929
702 6.68659
703 6.81521
704 7.31539
705 6.89521
706 6.51367
707 6.88621
708 6.62182
709 6.88469
710 6.93075
711 7.33645
712 7.34607
713 6.70008
714 6.66957
715 6.99113
716 6.48931
717 6.51576
718 6.88029
719 6.9928
720 7.40693
721 7.16381
722 6.88209
723 6.82099
724 7.16099
725 6.88268
726 6.74583
727 6.49792
728 7.17524
729 8.01536
730 7.1006
731 7.3348
732 6.99087
733 6.9888
734 7.47566
735 7.25268
736 7.23876
737 7.39344
738 7.84094
739 6.92603
740 6.79513
741 7.02771
742 7.47996
743 6.98342
744 7.2657
745 6.60734
746 7.14573
747 7.28033
748 7.10465
749 7.37045
750 6.7005
751 7.20118
752 7.02276
753 7.21972
754 7.04702
755 6.61597
756 6.8099
757 7.12003
758 7.12716
759 6.85465
760 6.94492
761 6.56383
762 6.79009
763 6.90205
764 6.69911
765 6.6293
766 7.02228
767 6.7299
768 6.66689
769 7.1097
770 6.82117
771 6.88043
772 7.51509
773 6.8898
774 6.8613
775 7.23611
776 7.51328
777 6.83509
778 7.07346
779 6.87863
780 6.74921
781 7.32823
782 7.21034
783 6.93442
784 7.24675
785 6.39147
786 6.84243
787 7.01138
788 7.22865
789 6.65417
790 6.96621
791 6.85595
792 6.94949
793 6.84183
794 6.82606
795 7.36556
796 6.80606
797 7.01
798 7.1783
799 7.39707
800 7.10066
801 7.14745
802 7.03702
803 6.80542
804 6.97862
805 6.92597
806 6.71535
807 7.11966
808 7.27465
809 8.12001
810 7.45041
811 7.22971
812 6.69859
813 6.69523
814 6.3584
815 6.6577
816 7.07154
817 6.86565
818 7.3282
819 7.04508
820 6.67889
821 6.83645
822 7.07366
823 6.75932
824 7.10815
825 7.13702
826 7.96962
827 6.88866
828 6.7882
829 7.21503
830 7.58736
831 7.4256
832 7.02942
833 7.57411
834 6.87384
835 7.27391
836 7.08167
837 7.19572
838 7.23672
839 7.41768
840 7.16673
841 6.79395
842 7.39581
843 7.42996
844 7.07345
845 6.50834
846 6.80708
847 6.82345
848 7.23683
849 6.96835
850 6.65205
851 6.80908
852 7.45476
853 7.33152
854 7.22729
855 6.75687
856 7.77794
857 6.93781
858 7.00373
859 6.87886
860 6.6442
861 6.74303
862 6.99398
863 6.88669
864 6.39679
865 7.27291
866 6.7117
867 7.01148
868 7.16686
869 7.15397
870 7.15089
871 7.10597
872 6.79421
873 6.8701
874 7.1701
875 7.29347
876 7.27254
877 6.96571
878 7.32655
879 6.75233
880 6.7324
881 6.36794
882 6.86226
883 6.77762
884 6.61527
885 7.24331
886 6.46475
887 7.19602
888 6.80105
889 6.57465
890 7.09001
891 7.77084
892 7.02057
893 6.75073
894 6.70222
895 6.6598
896 7.4991
897 7.17135
898 6.92515
899 6.86134
900 7.15501
901 7.01244
902 6.50904
903 6.92733
904 7.49373
905 7.00874
906 7.06579
907 7.03759
908 6.81487
909 6.75946
910 7.12699
911 7.19154
912 7.38773
913 7.13096
914 6.89927
915 7.06872
916 6.7729
917 6.79006
918 6.65286
919 6.9057
920 7.01607
921 7.90902
922 7.14237
923 6.90198
924 7.88096
925 6.98462
926 6.5707
927 6.88162
928 7.0894
929 7.1894
930 7.34759
931 7.36558
932 7.47057
933 6.9766
934 7.11003
935 6.99148
936 7.00259
937 7.44542
938 7.13354
939 7.35554
940 7.22012
941 6.73601
942 6.8964
943 6.82507
944 7.22701
945 7.31003
946 6.88646
947 7.93084
948 8.14452
949 7.19851
950 6.94309
951 7.32745
952 6.69815
953 7.06499
954 6.90848
955 7.74897
956 7.7538
957 6.73334
958 7.28104
959 7.35433
960 6.70904
961 7.48422
962 7.31888
963 6.51512
964 6.76452
965 7.59343
966 7.14732
967 7.39691
968 6.70441
969 6.61007
970 6.81241
971 6.93741
972 6.5563
973 7.82278
974 7.11407
975 8.14856
976 7.54006
977 7.00951
978 7.16231
979 7.3697
980 7.09421
981 6.73405
982 6.87629
983 6.92344
984 7.12608
985 6.99229
986 6.85948
987 6.87955
988 6.90926
989 6.80727
990 6.61767
991 6.91544
992 7.04715
993 7.01962
994 7.25374
995 6.71922
996 6.87019
997 6.40352
998 7.35984
999 6.80034
1000 6.76213
1001 6.90818
1002 7.14291
1003 7.17717
1004 6.94643
1005 7.01532
1006 6.80678
1007 6.89836
1008 7.08756
1009 6.70566
1010 6.49873
1011 7.07712
1012 7.13062
1013 6.88626
1014 6.79975
1015 6.54527
1016 6.55496
1017 7.27635
1018 7.01106
1019 6.85488
1020 7.7133
1021 7.13845
1022 7.11086
1023 6.99164
1024 7.07046
1025 7.10893
1026 6.89462
1027 6.65266
1028 7.02939
1029 6.7894
1030 7.3236
1031 6.56522
1032 6.94526
1033 7.26947
1034 7.17132
1035 7.05588
1036 7.11725
1037 6.61056
1038 6.58366
1039 6.88363
1040 6.68339
1041 6.77027
1042 7.73594
1043 7.31982
1044 7.14416
1045 6.72707
1046 7.10471
1047 7.03947
1048 6.66838
1049 6.50349
1050 6.73428
1051 6.52237
1052 6.45247
1053 7.10806
1054 7.07798
1055 7.16311
1056 6.82801
1057 6.74234
1058 6.58715
1059 7.11058
1060 6.91702
1061 7.52935
1062 7.70374
1063 7.27039
1064 7.45332
1065 6.85496
1066 7.44026
1067 8.09465
1068 7.56741
1069 7.31952
1070 6.78445
1071 7.11417
1072 6.70783
1073 6.85604
1074 7.46857
1075 7.24746
1076 6.84546
1077 6.95172
1078 7.53514
1079 6.78419
1080 7.16498
1081 6.95249
1082 7.02802
1083 7.03758
1084 7.38829
1085 6.77345
1086 6.69651
1087 7.38004
1088 7.27741
1089 7.12724
1090 7.27135
1091 6.43895
1092 7.05264
1093 6.78423
1094 6.81558
1095 7.47034
1096 7.14764
1097 6.88673
1098 7.37039
1099 7.30311
1100 6.65294
1101 7.71944
1102 7.45686
1103 7.09613
1104 6.99036
1105 7.32669
1106 6.52636
1107 6.76167
1108 6.7137
1109 6.87052
1110 7.93514
1111 7.23053
1112 7.63344
1113 7.11816
1114 7.42461
1115 6.78189
1116 6.91659
1117 7.05347
1118 6.98744
1119 6.4411
1120 7.10105
1121 6.66347
1122 6.83857
1123 6.96007
1124 7.57811
1125 6.83837
1126 6.53126
1127 7.33864
1128 7.34936
1129 6.68564
1130 6.43116
1131 7.30048
1132 7.37333
1133 6.96212
1134 7.51636
1135 6.64969
1136 6.63477
1137 6.97365
1138 7.26427
1139 7.33107
1140 7.16341
1141 8.41858
1142 7.02858
1143 7.20931
1144 7.0031
1145 7.03267
1146 7.13862
1147 7.74817
1148 7.48172
1149 6.92074
1150 7.10198
1151 6.70211
1152 7.12352
1153 6.90053
1154 7.14487
1155 7.48716
1156 6.78834
1157 6.92617
1158 6.94398
1159 6.68465
1160 7.17815
1161 7.75543
1162 6.52065
1163 6.57024
1164 6.95857
1165 6.73897
1166 7.0961
1167 6.65429
1168 6.5616
1169 6.86859
1170 6.62848
1171 7.13571
1172 7.36755
1173 7.10888
1174 6.87867
1175 7.09407
1176 7.40861
1177 6.61873
1178 7.13726
1179 7.01054
1180 7.54477
1181 6.78547
1182 7.50799
1183 7.19957
1184 6.90867
1185 6.66425
1186 6.64726
1187 7.57839
1188 7.14557
1189 6.98391
1190 7.85571
1191 7.41361
1192 6.89898
1193 6.85095
1194 6.79879
1195 6.63619
1196 7.20782
1197 6.74545
1198 6.99374
1199 6.99316
1200 7.47207
1201 6.84277
1202 7.3065
1203 6.97298
1204 7.00264
1205 6.94807
1206 6.93879
1207 6.6923
1208 6.77963
1209 6.76396
1210 6.86593
1211 7.3055
1212 7.11255
1213 6.79961
1214 6.75283
1215 6.84681
1216 6.5282
1217 6.72202
1218 6.88155
1219 6.72625
1220 6.97418
1221 6.80659
1222 6.93567
1223 6.78994
1224 7.06325
1225 6.82269
1226 7.46584
1227 6.53821
1228 6.74154
1229 7.12901
1230 7.33279
1231 7.13593
1232 7.14621
1233 6.99409
1234 7.08097
1235 6.85596
1236 6.61376
1237 7.64797
1238 6.72768
1239 7.08946
1240 6.93047
1241 7.32063
1242 6.53231
1243 6.4169
1244 7.66917
1245 7.02489
1246 6.86426
1247 7.27555
1248 6.95833
1249 7.04749
1250 7.26755
1251 7.05864
1252 6.79902
1253 6.92739
1254 6.45225
1255 6.89684
1256 6.83383
1257 6.59558
1258 6.86083
1259 6.82402
1260 6.94897
1261 6.49377
1262 6.73188
1263 6.80139
1264 6.82656
1265 7.39008
1266 6.70532
1267 6.65503
1268 6.76409
1269 7.32271
1270 7.46648
1271 7.13534
1272 6.91176
1273 7.44619
1274 7.08468
1275 6.62824
1276 6.57144
1277 7.13367
1278 7.1806
1279 7.38912
1280 6.78091
1281 6.97748
1282 6.9503
1283 6.8501
1284 6.64351
1285 7.51156
1286 7.20151
1287 7.29007
1288 6.95083
1289 6.63914
1290 6.97141
1291 8.03269
1292 6.69464
1293 6.91443
1294 6.66294
1295 6.74218
1296 7.23601
1297 6.67813
1298 7.24652
1299 6.87722
1300 6.84329
1301 6.87246
1302 6.78743
1303 6.91945
1304 6.96639
1305 6.79065
1306 7.64677
1307 7.15561
1308 6.75802
1309 7.04048
1310 6.9189
1311 7.20848
1312 7.40918
1313 6.78781
1314 7.63196
1315 7.16637
1316 6.49576
1317 6.73189
1318 6.84686
1319 6.82195
1320 6.95814
1321 6.47755
1322 6.58122
1323 7.43099
1324 6.93393
1325 7.01965
1326 6.73588
1327 6.57772
1328 7.23649
1329 6.79752
1330 6.97059
1331 7.22919
1332 7.06497
1333 7.2294
1334 6.5949
1335 7.05063
1336 7.27042
1337 6.8391
1338 6.81277
1339 7.09384
1340 6.79878
1341 6.56421
1342 6.71375
1343 6.59051
1344 6.46226
1345 7.04633
1346 7.62254
1347 7.40975
1348 7.18422
1349 7.15712
1350 7.1409
1351 6.82517
1352 7.00838
1353 6.60677
1354 7.08412
1355 7.33549
1356 6.92299
1357 6.78949
1358 7.06409
1359 7.24664
1360 7.60147
1361 7.47013
1362 7.13196
1363 6.92135
1364 6.75008
1365 7.25199
1366 6.94693
1367 6.73692
1368 7.13043
1369 7.19805
1370 6.89403
1371 7.36625
1372 6.92202
1373 7.34379
1374 6.52289
1375 7.36968
1376 7.32983
1377 6.75413
1378 6.98043
1379 7.27962
1380 6.65777
1381 6.49276
1382 6.63514
1383 6.47856
1384 6.78349
1385 6.86198
1386 7.38905
1387 7.08827
1388 6.98693
1389 6.98366
1390 6.92321
1391 7.42356
1392 7.51053
1393 6.58997
1394 6.7656
1395 6.60236
1396 6.70649
1397 7.04975
1398 7.14815
1399 6.73198
1400 6.61904
1401 7.22855
1402 6.72354
1403 7.03761
1404 7.34549
1405 6.56433
1406 6.52003
1407 6.64193
1408 6.5288
1409 6.62209
1410 7.16248
1411 6.67269
1412 6.4735
1413 7.10141
1414 7.10678
1415 6.99046
1416 7.25171
1417 7.5753
1418 6.68351
1419 7.56392
1420 6.91171
1421 6.90305
1422 6.85386
1423 7.64106
1424 7.12102
1425 7.18762
1426 6.94248
1427 7.25521
1428 7.40407
1429 6.7382
1430 6.83762
1431 7.2639
1432 6.88586
1433 6.6582
1434 6.96831
1435 7.17797
1436 7.40968
1437 7.12942
1438 7.14522
1439 6.72923
1440 7.03289
1441 7.51663
1442 7.39317
1443 6.84989
1444 6.37757
1445 6.61718
1446 6.98066
1447 6.79537
1448 7.39063
1449 7.2141
1450 6.88279
1451 7.16007
1452 7.62648
1453 6.79315
1454 6.51061
1455 7.54198
1456 6.7992
1457 7.10872
1458 7.36122
1459 6.4696
1460 7.28615
1461 7.18247
1462 7.37438
1463 6.96671
1464 7.10847
1465 6.96856
1466 6.71197
1467 6.87426
1468 7.11351
1469 7.00584
1470 6.90856
1471 7.36514
1472 6.45849
1473 7.69276
1474 7.7496
1475 6.93815
1476 6.90948
1477 7.23255
1478 7.6955
1479 7.06433
1480 7.52739
1481 7.03506
1482 6.68132
1483 6.90323
1484 6.75754
1485 6.85478
1486 7.05957
1487 6.74566
1488 6.91029
1489 7.15148
1490 7.33031
1491 6.73699
1492 7.07733
1493 6.88674
1494 7.39067
1495 7.23589
1496 6.89371
1497 6.78132
1498 6.94249
1499 7.10722
1500 7.19016
1501 7.23424
1502 7.65976
1503 7.12175
1504 7.12769
1505 7.26832
1506 7.00865
1507 6.50443
1508 7.68503
1509 7.74066
1510 6.93833
1511 7.61772
1512 7.37194
1513 7.65934
1514 6.97478
1515 6.67385
1516 6.6258
1517 6.48693
1518 6.86751
1519 6.54942
1520 6.98406
1521 6.80115
1522 7.44754
1523 6.93583
1524 7.31969
1525 6.90998
1526 6.93569
1527 6.82682
1528 6.68528
1529 6.72705
1530 6.5765
1531 6.49183
1532 7.35947
1533 6.57507
1534 6.89826
1535 6.57498
1536 7.08147
1537 7.62225
1538 7.2382
1539 6.93831
1540 7.74388
1541 7.20679
1542 7.25846
1543 7.46198
1544 7.15997
1545 6.81318
1546 6.95471
1547 7.24033
1548 7.6187
1549 7.20358
1550 6.96364
1551 7.07066
1552 6.80518
1553 6.93549
1554 7.29502
1555 7.27742
1556 6.77492
1557 7.05048
1558 7.09399
1559 6.41807
1560 6.60773
1561 6.53053
1562 7.12306
1563 6.89356
1564 7.17676
1565 6.50504
1566 6.53233
1567 6.79245
1568 6.9306
1569 6.65193
1570 6.86987
1571 6.8317
1572 6.95812
1573 6.73548
1574 7.09398
1575 6.74919
1576 7.10159
1577 7.35137
1578 7.25225
1579 7.06067
1580 7.05394
1581 6.86655
1582 6.81232
1583 6.5618
1584 6.80813
1585 6.74062
1586 7.15388
1587 6.78828
1588 6.86831
1589 6.62603
1590 7.34483
1591 6.51404
1592 7.08273
1593 7.23344
1594 7.03381
1595 7.10028
1596 6.84186
1597 7.15601
1598 6.8959
1599 7.12615
1600 6.92007
1601 6.63189
1602 7.03689
1603 6.68382
1604 7.20215
1605 6.79873
1606 7.40936
1607 6.85156
1608 6.71305
1609 6.5391
1610 6.4881
1611 6.89844
1612 7.13068
1613 7.45925
1614 6.87327
1615 7.69573
1616 7.36872
1617 7.63338
1618 6.85679
1619 7.36989
1620 6.72761
1621 6.93325
1622 7.16301
1623 6.7117
1624 7.01826
1625 6.96904
1626 7.04601
1627 6.94678
1628 6.70055
1629 6.7379
1630 7.71647
1631 6.72684
1632 7.49124
1633 6.94502
1634 6.79189
1635 6.96239
1636 6.67995
1637 6.92331
1638 6.72994
1639 8.22183
1640 6.8359
1641 7.69255
1642 7.03365
1643 6.46708
1644 7.19955
1645 6.8897
1646 6.84209
1647 7.08103
1648 6.84301
1649 7.26481
1650 7.25528
1651 7.12095
1652 7.39164
1653 7.21356
1654 6.47574
1655 6.71168
1656 6.72352
1657 6.90054
1658 7.53072
1659 7.01413
1660 7.1089
1661 6.84167
1662 6.95808
1663 7.49865
1664 7.08994
1665 6.58211
1666 7.22392
1667 6.77488
1668 6.79827
1669 7.06811
1670 7.01157
1671 7.3885
1672 6.99766
1673 7.46034
1674 7.07756
1675 6.49035
1676 6.37115
1677 7.33914
1678 7.22236
1679 7.10459
1680 7.22558
1681 6.6019
1682 6.34567
1683 6.6141
1684 7.47821
1685 6.76367
1686 6.60006
1687 7.09548
1688 7.48359
1689 7.61604
1690 7.37604
1691 6.98114
1692 6.36782
1693 6.71085
1694 6.68564
1695 6.85226
1696 7.49353
1697 6.76644
1698 6.76903
1699 6.97687
1700 7.41843
1701 6.69158
1702 7.52243
1703 6.98852
1704 6.83594
1705 7.12234
1706 7.38954
1707 7.30741
1708 6.94047
1709 7.06738
1710 6.99474
1711 6.90835
1712 6.57667
1713 6.81373
1714 7.15152
1715 7.18797
1716 6.87855
1717 6.61686
1718 7.33776
1719 6.88829
1720 6.92946
1721 6.86794
1722 7.06365
1723 6.93788
1724 7.53931
1725 6.60897
1726 6.93826
1727 7.20138
1728 6.54413
1729 6.66902
1730 7.09602
1731 6.65018
1732 6.56849
1733 7.14921
1734 6.67709
1735 6.72496
1736 6.73012
1737 6.89482
1738 7.25739
1739 7.55066
1740 6.68231
1741 7.12239
1742 6.87127
1743 7.34402
1744 7.75682
1745 7.01816
1746 6.61658
1747 7.30354
1748 7.02392
1749 6.78188
1750 6.93367
1751 7.53519
1752 7.36949
1753 6.89168
1754 6.98486
1755 7.38251
1756 6.70299
1757 7.26024
1758 7.77062
1759 6.47282
1760 6.9408
1761 6.91393
1762 6.84996
1763 6.88997
1764 6.78568
1765 6.70066
1766 7.25136
1767 6.87901
1768 7.42686
1769 7.2605
1770 6.35672
1771 7.60121
1772 7.30257
1773 6.73498
1774 6.94276
1775 7.18985
1776 7.47994
1777 6.93482
1778 7.14981
1779 6.93575
1780 6.46227
1781 6.97118
1782 6.73965
1783 7.0718
1784 7.37164
1785 6.87064
1786 6.43054
1787 6.52828
1788 7.12756
1789 7.07704
1790 6.93834
1791 6.72954
1792 7.24042
1793 6.95457
1794 6.58174
1795 7.68856
1796 7.27323
1797 6.91221
1798 6.57892
1799 6.85747
1800 7.35247
1801 6.78793
1802 6.92718
1803 7.12209
1804 6.87668
1805 6.52562
1806 6.90009
1807 6.92623
1808 7.08373
1809 6.67325
1810 7.07108
1811 7.20745
1812 6.55461
1813 7.20059
1814 7.06346
1815 6.87367
1816 6.41294
1817 7.38337
1818 6.79944
1819 6.52316
1820 6.67571
1821 7.17116
1822 7.26861
1823 6.65767
1824 7.36476
1825 7.16457
1826 6.5402
1827 6.93021
1828 6.61077
1829 7.98209
1830 6.75949
1831 6.98781
1832 7.06135
1833 6.46783
1834 6.72034
1835 7.34448
1836 7.25528
1837 7.07521
1838 7.17537
1839 6.47491
1840 7.05712
1841 6.82384
1842 6.5436
1843 6.91054
1844 6.9764
1845 6.699
1846 6.81665
1847 7.29366
1848 7.28297
1849 6.70397
1850 6.77941
1851 6.7155
1852 6.76586
1853 6.84535
1854 6.99923
1855 6.9552
1856 6.4412
1857 7.00935
1858 6.5484
1859 6.58769
1860 7.32135
1861 6.79406
1862 6.81843
1863 7.00864
1864 7.48382
1865 6.74681
1866 7.26376
1867 7.06454
1868 7.13558
1869 6.6995
1870 6.97254
1871 7.36666
1872 7.29898
1873 6.60803
1874 6.94257
1875 8.11192
1876 6.8173
1877 7.0497
1878 7.17504
1879 7.0282
1880 7.35769
1881 7.07141
1882 7.2715
1883 7.30844
1884 7.05537
1885 7.50885
1886 7.35009
1887 7.35875
1888 7.31192
1889 7.19592
1890 7.61772
1891 6.81764
1892 6.641
1893 6.67861
1894 6.99289
1895 6.41391
1896 6.5296
1897 6.75796
1898 7.06502
1899 7.19122
1900 7.14818
1901 6.55304
1902 6.69712
1903 6.74521
1904 6.92663
1905 7.62556
1906 7.07089
1907 6.9192
1908 6.8474
1909 7.18259
1910 7.37262
1911 6.99118
1912 7.57598
1913 7.45303
1914 6.89046
1915 6.86108
1916 7.03247
1917 7.20635
1918 7.12106
1919 7.26652
1920 7.3011
1921 7.31562
1922 7.56825
1923 7.16606
1924 7.15417
1925 7.02464
1926 7.2595
1927 7.62658
1928 7.41465
1929 6.60346
1930 6.85043
1931 7.50813
1932 6.81699
1933 7.05713
1934 7.0057
1935 6.54626
1936 6.74541
1937 6.82185
1938 7.04125
1939 6.80258
1940 7.53109
1941 7.01015
1942 8.06889
1943 6.9523
1944 6.76605
1945 7.23292
1946 7.44735
1947 6.84787
1948 7.78316
1949 7.26632
1950 7.05848
1951 6.76631
1952 6.82489
1953 6.90835
1954 6.96864
1955 7.22459
1956 6.79484
1957 6.63319
1958 7.06981
1959 6.68611
1960 7.54693
1961 6.96369
1962 6.82246
1963 7.08937
1964 6.60138
1965 6.46422
1966 6.39525
1967 7.60797
1968 7.14256
1969 6.78552
1970 6.93048
1971 7.29484
1972 6.91696
1973 6.94596
1974 7.01615
1975 7.0196
1976 6.81345
1977 7.07385
1978 7.25328
1979 6.62835
1980 6.79376
1981 6.78744
1982 6.96817
1983 6.56669
1984 6.76171
1985 6.92112
1986 6.46959
1987 6.83997
1988 7.20072
1989 7.1717
1990 7.08812
1991 6.93942
1992 6.75105
1993 6.76519
1994 7.02185
1995 6.88707
1996 7.04614
1997 7.37708
1998 7.32422
1999 6.97231
2000 6.84229
2001 7.34622
2002 7.11172
2003 6.70564
2004 6.64345
2005 6.43683
2006 7.01999
2007 6.85326
2008 7.3198
2009 7.30309
2010 7.49198
2011 7.29239
2012 7.29954
2013 6.70834
2014 7.57566
2015 6.79139
2016 6.80846
2017 6.72894
2018 7.66313
2019 7.32567
2020 7.16244
2021 6.60412
2022 7.38899
2023 6.95443
2024 6.76267
2025 6.77817
2026 8.30307
2027 7.14118
2028 7.12279
2029 6.82184
2030 7.09715
2031 7.73251
2032 6.90907
2033 7.6049
2034 6.42089
2035 6.69736
2036 7.13
2037 6.83965
2038 7.01363
2039 6.78611
2040 7.05952
2041 6.70747
2042 6.66489
2043 7.36011
2044 7.46157
2045 6.50313
2046 6.45289
2047 7.2718
2048 7.0136
2049 7.04172
2050 7.3769
2051 7.01588
2052 6.86847
2053 6.65971
2054 7.01191
2055 7.01993
2056 7.0688
2057 6.66643
2058 7.29186
2059 7.06557
2060 7.04246
2061 6.77493
2062 7.17896
2063 6.67854
2064 6.67747
2065 7.45985
2066 6.82159
2067 7.07182
2068 7.29373
2069 6.94476
2070 7.22509
2071 8.02478
2072 6.96956
2073 7.21446
2074 6.68309
2075 6.72317
2076 7.32019
2077 7.32284
2078 7.28653
2079 6.72269
2080 6.67168
2081 7.39932
2082 7.71702
2083 6.93474
2084 7.17261
2085 7.73797
2086 7.00933
2087 6.68019
2088 6.6078
2089 6.83787
2090 6.72234
2091 6.5647
2092 6.81124
2093 6.87504
2094 7.12593
2095 6.60212
2096 6.6383
2097 6.7999
2098 6.76325
2099 6.76081
2100 6.80113
2101 6.79216
2102 6.91821
2103 7.5165
2104 7.25594
2105 7.20379
2106 7.18799
2107 6.96123
2108 6.79036
2109 7.38285
2110 7.1747
2111 6.7593
2112 7.16185
2113 6.86491
2114 6.98601
2115 7.10473
2116 6.6335
2117 7.24316
2118 6.71854
2119 7.22369
2120 7.12988
2121 7.21092
2122 7.2495
2123 7.13808
2124 7.09336
2125 6.34497
2126 7.32414
2127 7.16074
2128 6.69151
2129 6.7205
2130 7.03855
2131 7.32221
2132 7.4052
2133 7.47756
2134 6.86742
2135 6.47708
2136 7.36267
2137 7.24666
2138 6.36472
2139 6.92485
2140 6.92593
2141 7.3181
2142 6.94612
2143 7.18952
2144 7.24074
2145 6.42722
2146 6.68566
2147 7.13696
2148 7.48633
2149 7.27371
2150 6.62393
2151 6.59319
2152 6.61715
2153 7.10571
2154 7.35578
2155 6.97909
2156 6.78634
2157 7.49864
2158 6.6745
2159 7.00548
2160 7.38244
2161 7.69287
2162 7.22963
2163 6.9787
2164 7.75327
2165 7.64034
2166 7.14038
2167 7.42448
2168 6.96911
2169 6.8221
2170 6.71526
2171 7.29981
2172 7.66736
2173 6.96432
2174 6.79035
2175 6.41457
2176 6.57122
2177 7.00759
2178 6.69111
2179 6.58593
2180 7.13875
2181 7.0326
2182 7.38747
2183 6.67834
2184 7.44078
2185 6.86728
2186 6.71407
2187 6.77234
2188 7.09836
2189 7.1831
2190 7.17229
2191 6.98921
2192 6.91664
2193 7.52532
2194 8.06753
2195 7.4734
2196 7.3005
2197 6.46697
2198 6.73388
2199 7.07264
2200 6.82555
2201 6.68359
2202 6.94218
2203 6.62148
2204 7.65461
2205 7.18252
2206 7.21331
2207 7.78389
2208 6.93723
2209 7.4867
2210 6.83478
2211 6.77349
2212 7.77969
2213 7.10665
2214 6.81503
2215 6.85819
2216 6.84875
2217 6.68082
2218 7.50648
2219 7.1569
2220 6.57648
2221 6.91626
2222 6.84767
2223 6.95578
2224 7.28656
2225 7.18767
2226 6.89359
2227 7.25291
2228 6.65972
2229 6.82475
2230 6.98972
2231 6.55663
2232 6.93222
2233 6.66118
2234 6.6428
2235 6.63286
2236 7.06786
2237 6.92139
2238 7.56907
2239 7.26723
2240 7.01947
2241 7.12133
2242 7.19177
2243 7.33932
2244 7.35181
2245 7.34179
2246 6.7949
2247 7.68996
2248 6.93363
2249 7.18037
2250 7.2211
2251 6.8661
2252 7.25515
2253 6.74634
2254 6.75822
2255 6.626
2256 7.46568
2257 6.98424
2258 7.10291
2259 7.08284
2260 7.06494
2261 7.00593
2262 6.87236
2263 6.74622
2264 6.99956
2265 7.0124
2266 7.52456
2267 7.16367
2268 7.16999
2269 6.92233
2270 6.80059
2271 6.72668
2272 7.2786
2273 6.72725
2274 7.36047
2275 6.45271
2276 7.14487
2277 6.89951
2278 7.1187
2279 7.72114
2280 6.66948
2281 6.68477
2282 6.95525
2283 6.55514
2284 7.55493
2285 7.31664
2286 7.06662
2287 7.40862
2288 6.7032
2289 6.53098
2290 6.89574
2291 7.07439
2292 6.92699
2293 7.25258
2294 6.74474
2295 6.57041
2296 7.01904
2297 7.26395
2298 6.43726
2299 6.80975
2300 6.72152
2301 7.37468
2302 6.7018
2303 6.83757
2304 7.40834
2305 7.24105
2306 7.32537
2307 6.777
2308 6.95495
2309 7.15853
2310 6.70549
2311 6.80121
2312 7.58134
2313 7.39493
2314 7.11052
2315 7.01155
2316 7.09146
2317 7.54596
2318 7.35113
2319 6.72213
2320 6.88016
2321 6.58643
2322 7.03933
2323 6.89898
2324 6.83791
2325 7.04797
2326 6.85227
2327 7.21082
2328 6.65976
2329 6.82966
2330 6.79406
2331 6.8391
2332 6.85178
2333 6.76398
2334 6.63089
2335 6.5574
2336 6.43438
2337 6.97242
2338 6.98369
2339 7.02187
2340 7.19772
2341 7.0303
2342 6.91279
2343 7.12106
2344 7.41318
2345 7.25387
2346 7.08008
2347 6.92005
2348 6.7389
2349 6.8031
2350 6.92222
2351 6.87173
2352 6.44246
2353 7.05837
2354 6.77848
2355 6.97972
2356 7.13148
2357 6.44366
2358 6.88459
2359 7.498
2360 7.62877
2361 7.47672
2362 7.52082
2363 7.0842
2364 7.14563
2365 7.31771
2366 7.31092
2367 7.07889
2368 6.52603
2369 6.67668
2370 7.1122
2371 6.82959
2372 7.40314
2373 7.30168
2374 7.27163
2375 6.54777
2376 6.48501
2377 7.20119
2378 7.17073
2379 7.83673
2380 7.54707
2381 6.88119
2382 6.81604
2383 6.60105
2384 7.46389
2385 7.44958
2386 6.76443
2387 6.50225
2388 7.05208
2389 6.90004
2390 7.49508
2391 7.38208
2392 6.81202
2393 6.96542
2394 7.31432
2395 7.21478
2396 6.62109
2397 6.97557
2398 6.59628
2399 6.56431
2400 6.75898
2401 7.00157
2402 7.72103
2403 7.34836
2404 7.0124
2405 6.72786
2406 6.45811
2407 6.65336
2408 7.90817
2409 7.07043
2410 7.78091
2411 6.99644
2412 7.00872
2413 6.67241
2414 7.19356
2415 7.11092
2416 6.87794
2417 6.93897
2418 7.45246
2419 6.90014
2420 6.86663
2421 7.0258
2422 7.41673
2423 6.85589
2424 6.60235
2425 6.50885
2426 7.04911
2427 7.16891
2428 6.67488
2429 6.70152
2430 6.72766
2431 6.42634
2432 6.76948
2433 6.82016
2434 6.73788
2435 7.24463
2436 6.60767
2437 6.90394
2438 7.26048
2439 6.91325
2440 6.74761
2441 7.02799
2442 6.89155
2443 7.02046
2444 6.68763
2445 6.83428
2446 7.22104
2447 7.65796
2448 7.47966
2449 7.2031
2450 7.37364
2451 7.24501
2452 7.12009
2453 7.09309
2454 7.46193
2455 6.89783
2456 6.57077
2457 6.73927
2458 7.08383
2459 7.18013
2460 7.00467
2461 6.78329
2462 7.01751
2463 7.05063
2464 6.88091
2465 6.71286
2466 6.69086
2467 6.63868
2468 7.2905
2469 7.37857
2470 6.39273
2471 6.60752
2472 6.50077
2473 6.80919
2474 6.98495
2475 6.64129
2476 6.93395
2477 6.47228
2478 6.52883
2479 6.55451
2480 7.24076
2481 6.77158
2482 7.00632
2483 6.95777
2484 6.58305
2485 6.99618
2486 6.97823
2487 6.87948
2488 6.62177
2489 6.44778
2490 6.74776
2491 6.84606
2492 6.65074
2493 7.0243
2494 6.76868
2495 6.57003
2496 7.21991
2497 7.11664
2498 7.04705
2499 7.37662
2500 7.15652
2501 6.73929
2502 6.60749
2503 7.16069
2504 6.54534
2505 6.68742
2506 6.91466
2507 6.80292
2508 7.04075
2509 7.1009
2510 7.09654
2511 6.93472
2512 7.09855
2513 7.27899
2514 6.869
2515 6.77192
2516 6.99231
2517 7.01273
2518 6.96754
2519 6.82202
2520 6.60119
2521 6.69503
2522 7.14724
2523 7.83152
2524 7.29978
2525 7.19492
2526 7.00528
2527 6.65936
2528 7.0623
2529 6.95813
2530 7.25047
2531 7.59553
2532 7.21662
2533 6.72891
2534 7.29952
2535 7.268
2536 7.08818
2537 6.71678
2538 6.73468
2539 7.26861
2540 6.76071
2541 7.02051
2542 6.89005
2543 7.05271
2544 7.38392
2545 6.82804
2546 7.50292
2547 7.44707
2548 7.31018
2549 6.70762
2550 6.72652
2551 7.29918
2552 7.01882
2553 7.01337
2554 7.32458
2555 6.83667
2556 6.86004
2557 6.44222
2558 7.26411
2559 7.39767
2560 6.89243
2561 7.04937
2562 6.70165
2563 6.7319
2564 6.80105
2565 6.72133
2566 6.55715
2567 6.83082
2568 6.97018
2569 6.51396
2570 7.26663
2571 6.95064
2572 6.83991
2573 7.03787
2574 7.28871
2575 7.36214
2576 7.17623
2577 7.37711
2578 6.74762
2579 7.16177
2580 7.11958
2581 7.38548
2582 6.94749
2583 6.94109
2584 7.32496
2585 6.9066
2586 6.83892
2587 6.39756
2588 7.36471
2589 6.96897
2590 6.88616
2591 6.76777
2592 7.07287
2593 7.09318
2594 6.97001
2595 6.64079
2596 7.34977
2597 7.09805
2598 6.98778
2599 7.30122
2600 6.68604
2601 7.25298
2602 6.9465
2603 7.25567
2604 7.32712
2605 6.86919
2606 6.54551
2607 7.13944
2608 6.5427
2609 6.78047
2610 6.98885
2611 7.47367
2612 6.8345
2613 6.74311
2614 7.25518
2615 7.0215
2616 7.22478
2617 7.18404
2618 6.6811
2619 7.78522
2620 7.60972
2621 7.17509
2622 6.89392
2623 7.45679
2624 7.10772
2625 7.08799
2626 6.6646
2627 7.26837
2628 6.75962
2629 7.32708
2630 6.60805
2631 6.88126
2632 6.5956
2633 6.75512
2634 6.79069
2635 7.31499
2636 7.03891
2637 7.09107
2638 7.78696
2639 7.01597
2640 6.72925
2641 7.17939
2642 6.62773
2643 6.70147
2644 7.01905
2645 7.35133
2646 7.32296
2647 6.76459
2648 7.30795
2649 7.33853
2650 7.96217
2651 7.31458
2652 6.66026
2653 6.74783
2654 7.17792
2655 7.56137
2656 6.7683
2657 7.26149
2658 6.72426
2659 6.71757
2660 7.62891
2661 6.79811
2662 6.3734
2663 7.03578
2664 7.18989
2665 6.88141
2666 6.4764
2667 7.23132
2668 7.30925
2669 7.01813
2670 6.80421
2671 6.78227
2672 6.59836
2673 6.71575
2674 6.93952
2675 7.08129
2676 7.11285
2677 6.74406
2678 6.82723
2679 6.84085
2680 6.77125
2681 6.82706
2682 6.52887
2683 6.77756
2684 7.02876
2685 6.66224
2686 7.09024
2687 7.18872
2688 6.7547
2689 6.80287
2690 7.00654
2691 6.86176
2692 7.18357
2693 7.38621
2694 7.39084
2695 7.23567
2696 6.66361
2697 6.71444
2698 6.92904
2699 6.45366
2700 6.42393
2701 6.58657
2702 6.77982
2703 6.50242
2704 6.46218
2705 7.01966
2706 6.98539
2707 6.99464
2708 6.62634
2709 6.64167
2710 7.06549
2711 7.02064
2712 7.23289
2713 6.85832
2714 6.82555
2715 7.422
2716 6.88026
2717 7.16527
2718 7.06894
2719 6.61202
2720 6.75591
2721 7.15003
2722 6.9422
2723 6.96462
2724 6.73683
2725 6.66163
2726 7.44662
2727 7.44562
2728 6.76675
2729 6.84072
2730 6.76687
2731 6.84413
2732 7.74031
2733 7.42037
2734 7.00484
2735 7.1856
2736 6.73332
2737 7.00096
2738 7.41236
2739 7.17051
2740 6.72337
2741 6.93146
2742 7.44059
2743 7.16748
2744 6.92944
2745 7.11217
2746 7.44478
2747 6.99378
2748 7.46768
2749 6.98067
2750 6.84502
2751 7.15739
2752 6.6747
2753 6.83154
2754 6.66998
2755 7.15969
2756 6.75042
2757 6.52943
2758 6.73026
2759 6.49237
2760 7.31847
2761 6.623
2762 6.8921
2763 7.97115
2764 7.62951
2765 7.63425
2766 6.83624
2767 6.97309
2768 6.81728
2769 6.57653
2770 7.39887
2771 7.36626
2772 7.34096
2773 7.40754
2774 7.27517
2775 7.28205
2776 7.18865
2777 7.18026
2778 6.98625
2779 7.13184
2780 6.61444
2781 6.6222
2782 6.52797
2783 7.09572
2784 7.3798
2785 6.98241
2786 7.41648
2787 6.85016
2788 6.77388
2789 6.95103
2790 6.77315
2791 7.53181
2792 7.43038
2793 7.12506
2794 6.92947
2795 7.00507
2796 7.52912
2797 7.04539
2798 7.1648
2799 7.09015
2800 6.97582
2801 6.55814
2802 7.37307
2803 7.3066
2804 6.93577
2805 7.11928
2806 6.68962
2807 7.29091
2808 7.067
2809 7.52714
2810 7.64974
2811 7.04884
2812 6.94392
2813 6.77678
2814 6.89856
2815 6.71778
2816 7.11448
2817 6.6139
2818 6.86029
2819 7.17155
2820 6.75282
2821 7.0496
2822 7.34533
2823 7.0444
2824 7.50053
2825 7.21862
2826 6.74831
2827 6.69483
2828 7.33587
2829 6.90031
2830 6.7147
2831 7.25481
2832 7.07434
2833 6.59258
2834 7.11288
2835 6.70382
2836 6.49483
2837 6.86063
2838 7.36408
2839 6.98058
2840 7.00742
2841 6.88226
2842 7.38753
2843 7.40233
2844 7.1152
2845 6.92337
2846 7.25781
2847 7.10377
2848 7.43186
2849 8.21384
2850 7.19317
2851 6.79615
2852 7.17558
2853 7.01878
2854 6.96871
2855 7.3455
2856 6.85165
2857 7.08076
2858 6.61125
2859 6.90404
2860 8.33796
2861 7.11914
2862 6.96147
2863 7.6273
2864 7.20976
2865 7.14205
2866 6.98073
2867 7.36052
2868 7.10137
2869 7.27047
2870 7.3641
2871 6.99731
2872 7.53839
2873 7.19808
2874 7.41723
2875 7.10906
2876 6.51729
2877 6.66827
2878 6.65641
2879 7.29989
2880 6.87729
2881 6.95672
2882 7.36579
2883 7.19099
2884 6.80855
2885 6.57384
2886 6.85272
2887 7.10696
2888 7.21346
2889 6.8114
2890 6.95658
2891 7.08643
2892 7.12656
2893 7.20887
2894 6.66826
2895 6.59855
2896 6.78595
2897 6.7397
2898 6.88657
2899 6.52054
2900 7.48142
2901 6.91337
2902 6.92649
2903 6.80656
2904 6.86044
2905 6.64652
2906 6.77929
2907 6.70368
2908 7.03692
2909 6.66948
2910 6.86474
2911 6.80886
2912 7.37913
2913 7.19151
2914 7.05538
2915 7.31654
2916 6.8157
2917 7.44354
2918 6.57894
2919 6.94174
2920 7.23657
2921 7.12042
2922 6.93531
2923 6.7863
2924 6.59899
2925 6.76546
2926 7.72127
2927 7.13504
2928 7.18716
2929 7.58134
2930 7.66453
2931 7.05803
2932 7.04544
2933 6.81678
2934 7.59104
2935 7.33243
2936 7.04666
2937 7.23387
2938 6.77331
2939 6.88583
2940 6.51478
2941 7.59596
2942 6.73195
2943 6.83033
2944 6.7769
2945 6.80924
2946 7.01793
2947 7.41274
2948 7.43387
2949 7.03857
2950 7.23472
2951 7.27716
2952 6.99893
2953 6.60666
2954 6.79913
2955 6.87341
2956 6.78409
2957 7.27089
2958 6.96902
2959 6.9801
2960 6.81949
2961 6.64016
2962 6.7612
2963 6.89168
2964 7.46589
2965 7.34306
2966 6.95089
2967 7.14838
2968 7.60168
2969 6.80845
2970 7.41905
2971 7.64207
2972 7.11139
2973 7.01506
2974 6.95656
2975 6.63859
2976 7.29454
2977 7.23643
2978 6.68391
2979 7.25979
2980 6.97432
2981 6.65906
2982 6.9703
2983 6.81007
2984 7.02039
2985 6.65906
2986 6.88889
2987 6.70702
2988 6.7982
2989 7.26407
2990 7.2221
2991 6.70363
2992 7.16407
2993 6.76176
2994 7.67113
2995 7.52367
2996 7.16113
2997 7.57594
2998 7.41259
2999 7.05679
3000 6.65759
3001 6.59278
3002 6.77451
3003 6.97059
3004 6.91787
3005 6.62892
3006 6.73354
3007 6.8212
3008 7.28686
3009 7.08645
3010 8.1524
3011 7.18319
3012 6.49677
3013 7.25934
3014 6.62798
3015 6.79887
3016 6.76756
3017 7.12036
3018 6.81691
3019 6.71947
3020 7.17633
3021 6.60045
3022 6.82988
3023 7.51697
3024 7.41049
3025 7.27955
3026 6.72987
3027 6.97652
3028 6.63135
3029 6.71489
3030 7.13831
3031 7.09145
3032 7.34521
3033 7.47612
3034 6.98882
3035 6.91318
3036 7.30566
3037 7.71575
3038 6.85668
3039 7.32607
3040 6.82164
3041 6.37133
3042 7.3714
3043 6.71171
3044 7.22443
3045 7.20429
3046 7.67218
3047 7.49215
3048 6.71676
3049 6.55515
3050 6.60562
3051 6.89174
3052 6.57565
3053 6.85807
3054 6.72479
3055 6.98781
3056 6.80049
3057 7.13425
3058 8.21746
3059 6.90337
3060 7.46795
3061 8.55043
3062 7.0219
3063 7.0595
3064 6.80082
3065 7.11744
3066 6.82818
3067 6.62847
3068 7.18205
3069 6.87791
3070 6.96364
3071 6.80814
3072 7.09236
3073 7.20144
3074 7.43982
3075 6.8573
3076 6.37722
3077 7.66783
3078 7.42506
3079 7.0677
3080 7.09653
3081 7.51804
3082 7.00297
3083 6.47824
3084 7.13966
3085 6.57298
3086 6.9441
3087 6.56661
3088 6.82655
3089 7.06787
3090 6.69775
3091 6.60914
3092 6.89761
3093 7.25892
3094 6.76241
3095 6.76534
3096 6.95857
3097 7.05176
3098 6.8553
3099 6.69978
3100 7.43782
3101 6.92701
3102 7.18856
3103 7.29939
3104 7.12179
3105 6.88927
3106 7.26265
3107 6.80414
3108 7.13577
3109 6.91195
3110 6.6581
3111 6.92829
3112 7.44132
3113 6.77257
3114 6.93706
3115 6.74829
3116 6.57002
3117 7.15849
3118 6.98552
3119 6.77565
3120 6.94991
3121 6.53836
3122 6.83342
3123 6.86336
3124 6.81135
3125 6.83126
3126 6.67188
3127 6.89769
3128 6.67795
3129 7.69858
3130 6.8389
3131 7.39368
3132 6.45531
3133 6.5204
3134 6.98638
3135 6.90982
3136 7.09958
3137 7.10144
3138 7.18188
3139 7.45133
3140 7.06034
3141 6.9672
3142 7.18647
3143 6.86207
3144 6.95988
3145 6.79822
3146 7.14548
3147 6.64069
3148 7.19443
3149 7.39574
3150 7.1623
3151 7.05951
3152 7.14678
3153 7.73832
3154 7.36048
3155 6.8326
3156 6.56724
3157 7.16753
3158 6.44759
3159 6.8672
3160 6.85291
3161 6.55218
3162 6.45229
3163 7.28767
3164 7.13957
3165 6.76398
3166 7.00064
3167 7.2746
3168 7.25486
3169 8.01655
3170 7.82182
3171 7.21825
3172 7.09857
3173 7.04905
3174 6.66888
3175 6.95283
3176 7.00314
3177 6.84492
3178 7.01129
3179 7.04711
3180 7.27764
3181 6.72009
3182 6.67878
3183 7.33597
3184 6.88068
3185 6.85517
3186 6.98448
3187 7.1151
3188 6.56869
3189 6.63373
3190 6.53572
3191 6.65575
3192 6.89637
3193 6.7701
3194 6.87065
3195 7.08275
3196 6.99028
3197 6.61551
3198 6.61235
3199 6.69018
3200 6.86739
3201 6.68064
3202 7.42102
3203 7.29989
3204 7.35135
3205 7.03544
3206 7.16506
3207 7.54614
3208 7.46837
3209 7.00321
3210 6.80554
3211 6.40935
3212 6.95968
3213 6.99739
3214 6.6793
3215 6.77575
3216 6.98785
3217 6.60297
3218 7.52651
3219 7.49476
3220 6.7256
3221 6.9238
3222 7.39973
3223 7.60813
3224 7.01684
3225 7.85513
3226 7.12642
3227 7.14919
3228 6.94079
3229 7.08112
3230 7.09975
3231 7.11797
3232 7.19151
3233 6.80598
3234 7.17775
3235 7.22799
3236 6.67195
3237 6.71209
3238 7.57612
3239 6.97819
3240 6.73078
3241 6.63962
3242 7.15866
3243 7.39518
3244 6.50191
3245 6.55895
3246 7.31252
3247 7.01234
3248 7.30255
3249 6.76207
3250 6.91774
3251 7.19224
3252 6.95546
3253 7.06425
3254 7.53819
3255 6.97776
3256 6.6396
3257 6.71479
3258 6.40731
3259 6.61625
3260 7.04808
3261 6.82813
3262 6.70654
3263 6.78092
3264 6.78783
3265 6.69124
3266 6.81433
3267 7.00206
3268 6.98535
3269 6.61774
3270 6.68993
3271 6.80917
3272 6.63364
3273 7.19874
3274 6.91602
3275 7.20725
3276 7.00437
3277 7.05785
3278 6.86286
3279 7.20622
3280 7.15994
3281 6.86481
3282 6.83287
3283 6.96983
3284 7.12249
3285 6.93091
3286 6.74682
3287 7.1419
3288 6.39658
3289 6.60419
3290 7.00439
3291 7.33927
3292 6.84537
3293 7.00974
3294 6.92901
3295 6.72948
3296 7.7632
3297 7.36279
3298 7.18011
3299 6.93459
3300 7.59397
3301 7.23105
3302 7.27078
3303 7.21409
3304 6.62814
3305 7.18406
3306 7.27335
3307 6.56319
3308 7.31738
3309 7.20076
3310 7.03811
3311 6.4819
3312 6.69835
3313 7.0711
3314 6.58118
3315 6.96384
3316 6.82485
3317 7.07262
3318 7.01496
3319 7.40669
3320 7.46186
3321 7.59522
3322 6.98495
3323 7.22027
3324 6.80663
3325 6.91199
3326 7.44197
3327 6.713
3328 7.51132
3329 6.98377
3330 6.93279
3331 6.91371
3332 6.41005
3333 6.54283
3334 6.98287
3335 6.95971
3336 6.99375
3337 6.96483
3338 7.80709
3339 7.03794
3340 6.88582
3341 7.17103
3342 7.03659
3343 7.7501
3344 7.28614
3345 6.99252
3346 6.76385
3347 6.74961
3348 7.46386
3349 7.93335
3350 7.0183
3351 6.77193
3352 6.62136
3353 7.32024
3354 6.88332
3355 6.91504
3356 7.64942
3357 7.19276
3358 7.39429
3359 6.7137
3360 6.58751
3361 7.00275
3362 6.81403
3363 7.31939
3364 7.22095
3365 6.64201
3366 7.14654
3367 7.13284
3368 7.37129
3369 7.38506
3370 6.61472
3371 6.91615
3372 6.72592
3373 6.64107
3374 6.74272
3375 7.59727
3376 6.7003
3377 6.66637
3378 7.05804
3379 7.75512
3380 6.70047
3381 6.70297
3382 7.6119
3383 7.03299
3384 6.78032
3385 6.34692
3386 6.4598
3387 6.64826
3388 6.87502
3389 6.91771
3390 6.69027
3391 7.54464
3392 7.19841
3393 7.1799
3394 6.98422
3395 7.01717
3396 7.01852
3397 7.20342
3398 6.71864
3399 6.9061
3400 7.32743
3401 7.27915
3402 7.04452
3403 6.75173
3404 6.70589
3405 6.91197
3406 7.11404
3407 7.08833
3408 6.71182
3409 6.4352
3410 6.70452
3411 6.78029
3412 7.24344
3413 6.81516
3414 6.74945
3415 7.3307
3416 6.52838
3417 6.98039
3418 7.15473
3419 6.65081
3420 7.08939
3421 6.54137
3422 7.33164
3423 7.05434
3424 7.01943
3425 6.76036
3426 6.97048
3427 7.16259
3428 6.63164
3429 6.48301
3430 6.8709
3431 6.753
3432 7.50956
3433 7.14213
3434 6.73797
3435 6.91292
3436 6.77762
3437 6.44737
3438 7.05869
3439 7.84386
3440 7.00391
3441 7.07017
3442 6.67845
3443 7.17092
3444 6.76666
3445 7.24257
3446 6.64626
3447 6.9861
3448 6.64918
3449 7.34977
3450 7.79034
3451 7.62733
3452 6.94148
3453 6.92632
3454 6.70873
3455 6.94671
3456 6.92595
3457 7.20284
3458 7.06627
3459 6.91175
3460 7.52805
3461 6.72935
3462 6.82848
3463 6.78497
3464 6.61404
3465 6.75211
3466 7.63323
3467 7.71904
3468 7.29677
3469 6.95861
3470 7.42266
3471 6.87905
3472 7.05055
3473 6.69371
3474 6.89019
3475 7.1224
3476 6.92428
3477 6.76824
3478 6.79969
3479 7.35876
3480 6.58831
3481 6.83573
3482 6.41496
3483 7.0009
3484 6.60477
3485 6.84438
3486 6.78737
3487 7.0179
3488 6.86758
3489 6.62498
3490 6.56562
3491 7.26204
3492 8.06479
3493 7.8874
3494 7.07254
3495 7.13275
3496 7.35128
3497 6.95981
3498 6.77973
3499 8.28293
3500 7.07201
3501 6.97317
3502 6.41779
3503 6.91539
3504 7.47214
3505 6.72575
3506 6.76784
3507 6.86391
3508 6.80367
3509 7.0636
3510 6.79539
3511 6.75399
3512 7.17403
3513 6.74667
3514 6.89472
3515 6.87867
3516 6.37691
3517 7.43283
3518 6.68341
3519 7.26675
3520 7.01649
3521 7.11746
3522 6.73728
3523 7.35215
3524 7.1029
3525 7.12131
3526 7.41376
3527 6.81391
3528 6.94613
3529 7.48032
3530 7.45281
3531 6.82616
3532 6.70644
3533 6.61201
3534 7.03323
3535 6.60637
3536 7.01496
3537 7.28349
3538 7.22501
3539 6.77445
3540 7.55671
3541 6.76618
3542 6.95785
3543 7.31118
3544 6.70224
3545 7.27725
3546 7.31741
3547 7.64469
3548 6.96703
3549 6.97926
3550 6.8509
3551 7.46645
3552 6.52201
3553 7.02844
3554 6.73805
3555 7.04349
3556 6.84099
3557 7.01715
3558 6.77752
3559 6.96827
3560 6.60477
3561 7.6825
3562 7.13296
3563 6.78796
3564 7.00769
3565 7.06835
3566 6.96397
3567 6.82502
3568 7.46061
3569 7.0463
3570 7.57617
3571 7.11426
3572 6.90296
3573 7.24644
3574 7.26379
3575 7.24783
3576 6.87835
3577 6.63544
3578 7.0881
3579 6.74858
3580 6.46733
3581 7.17257
3582 7.2981
3583 7.16512
3584 6.78305
3585 7.09403
3586 6.84203
3587 7.11521
3588 6.7629
3589 6.53129
3590 6.4073
3591 6.61876
3592 6.87994
3593 7.0567
3594 6.39344
3595 6.83873
3596 6.77066
3597 6.72085
3598 6.75849
3599 6.40196
3600 7.58399
3601 6.96797
3602 7.78366
3603 7.09811
3604 7.28213
3605 7.05194
3606 6.68653
3607 6.91224
3608 7.51091
3609 6.91422
3610 6.95465
3611 7.15623
3612 7.26879
3613 7.82953
3614 7.18003
3615 7.05389
3616 7.02792
3617 7.1255
3618 7.01799
3619 6.83929
3620 7.13969
3621 6.58113
3622 6.55403
3623 6.78128
3624 7.21467
3625 7.23142
3626 6.88336
3627 7.42763
3628 6.96685
3629 7.33559
3630 6.84722
3631 7.50955
3632 6.76137
3633 6.8175
3634 6.68422
3635 6.73185
3636 6.80566
3637 7.00361
3638 6.7178
3639 6.75087
3640 7.19044
3641 7.10657
3642 7.00952
3643 6.92413
3644 6.44664
3645 6.39244
3646 7.06472
3647 6.98313
3648 6.58935
3649 6.98244
3650 7.54254
3651 7.31724
3652 6.67947
3653 7.2574
3654 7.30711
3655 6.54871
3656 6.68277
3657 7.03535
3658 6.67663
3659 7.60382
3660 7.08068
3661 7.03424
3662 6.87717
3663 6.84841
3664 7.15029
3665 6.87102
3666 7.80508
3667 6.82921
3668 7.42528
3669 7.61656
3670 7.26508
3671 6.46165
3672 7.18123
3673 6.79311
3674 7.1926
3675 7.02828
3676 7.1167
3677 6.70063
3678 6.87372
3679 6.762
3680 6.81953
3681 7.23094
3682 7.13699
3683 7.00851
3684 7.53202
3685 6.81447
3686 6.52875
3687 6.90254
3688 7.14873
3689 7.43783
3690 7.04603
3691 7.48813
3692 6.68704
3693 7.25266
3694 7.1497
3695 6.93497
3696 7.1116
3697 7.41866
3698 7.09174
3699 8.22532
3700 6.85892
3701 7.58648
3702 6.56593
3703 6.90847
3704 7.43086
3705 7.15772
3706 6.90261
3707 6.92122
3708 7.19712
3709 7.25364
3710 6.95239
3711 7.25574
3712 6.99771
3713 6.84588
3714 6.89725
3715 6.59689
3716 6.76155
3717 7.56012
3718 6.64063
3719 6.91174
3720 7.36254
3721 6.75868
3722 6.84934
3723 6.94399
3724 7.46056
3725 8.06028
3726 6.66203
3727 7.13333
3728 6.93064
3729 6.93382
3730 6.81054
3731 7.05452
3732 6.91801
3733 6.77117
3734 7.09602
3735 6.47172
3736 7.46668
3737 7.5338
3738 6.5593
3739 6.77096
3740 7.03698
3741 6.98284
3742 7.00507
3743 6.73667
3744 6.78659
3745 7.45719
3746 6.90668
3747 6.72754
3748 6.78865
3749 7.02564
3750 6.53869
3751 7.18786
3752 7.31897
3753 6.61991
3754 7.29987
3755 7.49377
3756 7.09148
3757 6.62974
3758 7.57689
3759 7.1456
3760 7.08797
3761 7.00915
3762 6.46269
3763 6.69608
3764 7.14216
3765 6.55126
3766 7.1252
3767 6.98184
3768 6.70931
3769 7.17073
3770 6.89983
3771 7.21834
3772 7.08756
3773 6.82523
3774 7.09029
3775 7.49537
3776 6.87647
3777 6.59853
3778 7.09833
3779 7.18853
3780 6.8049
3781 7.01549
3782 6.93968
3783 6.67222
3784 6.64129
3785 6.8358
3786 6.92918
3787 7.06224
3788 6.92959
3789 7.23419
3790 7.33305
3791 7.22806
3792 7.04393
3793 7.32793
3794 6.81953
3795 7.57938
3796 7.14589
3797 6.53583
3798 6.65808
3799 7.02696
3800 7.02845
3801 6.94015
3802 7.05996
3803 6.63381
3804 6.47156
3805 6.52871
3806 7.01759
3807 6.80734
3808 6.86611
3809 7.87624
3810 7.00884
3811 6.85165
3812 7.4415
3813 7.51679
3814 7.3469
3815 7.43755
3816 7.67
3817 6.63707
3818 6.6381
3819 6.97184
3820 7.03256
3821 7.03737
3822 7.86022
3823 7.11984
3824 6.8713
3825 6.69872
3826 7.14562
3827 6.89033
3828 6.77577
3829 6.86271
3830 7.1121
3831 6.67605
3832 7.05899
3833 6.49799
3834 6.59358
3835 6.43491
3836 6.92157
3837 6.92687
3838 7.15697
3839 7.01998
3840 6.92737
3841 6.61553
3842 6.78726
3843 7.36885
3844 7.30696
3845 6.66236
3846 6.70165
3847 6.65464
3848 7.46151
3849 7.40991
3850 6.4764
3851 7.01146
3852 7.27647
3853 7.06814
3854 6.69996
3855 7.51447
3856 7.0345
3857 6.97204
3858 7.24594
3859 7.3404
3860 7.82931
3861 7.21814
3862 7.25952
3863 6.51592
3864 6.8156
3865 6.68342
3866 6.55823
3867 7.11194
3868 7.60839
3869 6.90767
3870 6.84252
3871 7.04594
3872 6.67024
3873 6.83841
3874 6.82275
3875 7.31536
3876 7.37015
3877 7.36117
3878 6.91392
3879 6.49727
3880 7.03778
3881 7.31855
3882 7.14942
3883 7.43407
3884 7.454
3885 6.88515
3886 7.74917
3887 7.50084
3888 7.15409
3889 7.74727
3890 6.82743
3891 6.89206
3892 7.624
3893 6.74145
3894 7.42885
3895 7.03984
3896 7.22247
3897 7.23849
3898 7.00614
3899 7.60829
3900 6.75912
3901 6.66814
3902 6.76441
3903 6.69489
3904 6.92739
3905 7.31407
3906 6.89133
3907 6.89943
3908 7.08423
3909 6.79376
3910 7.38179
3911 6.87039
3912 6.936
3913 6.58813
3914 6.63199
3915 6.8356
3916 7.19603
3917 7.17379
3918 7.29234
3919 6.96342
3920 7.19888
3921 6.9523
3922 6.59131
3923 7.51943
3924 6.66768
3925 6.62754
3926 7.24057
3927 6.72127
3928 7.50096
3929 7.09448
3930 7.43141
3931 7.50464
3932 7.00714
3933 6.77692
3934 7.28197
3935 7.36696
3936 7.10689
3937 6.80077
3938 6.80618
3939 6.55005
3940 6.76661
3941 7.29185
3942 7.57403
3943 7.17228
3944 6.8229
3945 6.59526
3946 6.85552
3947 6.60593
3948 7.46151
3949 6.54618
3950 6.85717
3951 7.46123
3952 6.99311
3953 7.57094
3954 6.7626
3955 6.93051
3956 6.67721
3957 6.63985
3958 7.34185
3959 6.85555
3960 7.08218
3961 7.07559
3962 7.63312
3963 6.92747
3964 6.82292
3965 6.87803
3966 6.89566
3967 6.39449
3968 6.59978
3969 6.94127
3970 6.80957
3971 7.33657
3972 7.28422
3973 6.96088
3974 7.04357
3975 7.41667
3976 6.75275
3977 7.08046
3978 7.13059
3979 7.25337
3980 6.69167
3981 6.60012
3982 6.74552
3983 7.04072
3984 6.65822
3985 7.02255
3986 7.10761
3987 7.05938
3988 6.79285
3989 7.12078
3990 6.67896
3991 7.10187
3992 6.70036
3993 7.168
3994 7.17821
3995 7.4173
3996 6.90383
3997 7.12989
3998 7.2446
3999 6.86571
4000 6.71188
4001 6.53316
4002 7.1984
4003 6.77517
4004 7.02586
4005 7.34099
4006 7.30775
4007 7.20824
4008 7.15425
4009 6.86851
4010 7.24647
4011 6.61995
4012 7.49083
4013 6.87717
4014 6.58108
4015 6.65915
4016 6.79268
4017 6.51542
4018 7.2334
4019 6.61349
4020 6.50659
4021 6.56332
4022 6.6336
4023 6.88709
4024 6.99528
4025 6.9466
4026 6.73678
4027 6.5498
4028 6.99406
4029 6.61957
4030 7.51774
4031 7.04767
4032 7.7715
4033 7.23847
4034 7.33314
4035 6.72605
4036 6.92809
4037 7.17725
4038 6.84986
4039 6.96781
4040 7.39392
4041 6.83867
4042 7.00732
4043 6.92468
4044 6.70067
4045 6.95704
4046 7.19338
4047 6.66328
4048 6.68428
4049 6.99908
4050 7.21191
4051 6.56141
4052 6.784
4053 6.77187
4054 6.55822
4055 7.23319
4056 6.95018
4057 7.48643
4058 6.91432
4059 6.48465
4060 7.06948
4061 6.60023
4062 6.45185
4063 6.53095
4064 6.80182
4065 7.1462
4066 7.30929
4067 6.76793
4068 7.4722
4069 7.20043
4070 7.1083
4071 6.63727
4072 6.47236
4073 7.32013
4074 6.95134
4075 6.94212
4076 7.01444
4077 6.45147
4078 7.01197
4079 6.45699
4080 6.71597
4081 6.64121
4082 6.80032
4083 6.65882
4084 6.85875
4085 7.04722
4086 6.73534
4087 6.88754
4088 7.38131
4089 6.85684
4090 7.07761
4091 7.7128
4092 7.63622
4093 7.37401
4094 7.14141
4095 7.10716
4096 6.86507
4097 7.34561
4098 7.49159
4099 6.61635
4100 7.69818
4101 6.66865
4102 7.01623
4103 6.75511
4104 7.0331
4105 7.87248
4106 7.16782
4107 7.6017
4108 7.15747
4109 6.62513
4110 6.7023
4111 7.16716
4112 7.9448
4113 7.15468
4114 7.10351
4115 6.9694
4116 6.93171
4117 7.17066
4118 6.38587
4119 6.49458
4120 6.83678
4121 7.19289
4122 6.80214
4123 7.96145
4124 6.7396
4125 7.61268
4126 7.29211
4127 6.71517
4128 7.07743
4129 7.26711
4130 7.1599
4131 7.05093
4132 6.35887
4133 6.70996
4134 7.11152
4135 6.73829
4136 7.68297
4137 8.23686
4138 7.08156
4139 6.94918
4140 6.84863
4141 6.59327
4142 6.85537
4143 7.17252
4144 7.09123
4145 7.43598
4146 7.16106
4147 7.20293
4148 6.59694
4149 6.68436
4150 6.81749
4151 6.71708
4152 6.70514
4153 7.73709
4154 7.354
4155 7.14193
4156 6.92668
4157 7.28267
4158 6.85289
4159 6.9712
4160 7.08508
4161 7.01343
4162 6.878
4163 7.53227
4164 7.74783
4165 6.49391
4166 7.30803
4167 7.38215
4168 7.35631
4169 7.07923
4170 7.33194
4171 6.92409
4172 7.15303
4173 7.08042
4174 6.91191
4175 6.39273
4176 7.00982
4177 7.27223
4178 8.34519
4179 7.28578
4180 6.65548
4181 6.59365
4182 6.73223
4183 6.58538
4184 7.29195
4185 6.70098
4186 7.31984
4187 7.22047
4188 8.0281
4189 7.44811
4190 6.76207
4191 6.93171
4192 7.85887
4193 7.45996
4194 7.11039
4195 6.64726
4196 6.79668
4197 6.99426
4198 6.90518
4199 7.60698
4200 7.39021
4201 6.64083
4202 7.19661
4203 7.71094
4204 7.2997
4205 7.19274
4206 6.4289
4207 6.95272
4208 7.2761
4209 6.475
4210 6.95
4211 6.66513
4212 7.06581
4213 7.02931
4214 6.7929
4215 6.85203
4216 7.30054
4217 7.445
4218 7.21511
4219 7.0541
4220 7.0379
4221 6.93101
4222 6.71744
4223 6.7698
4224 7.24217
4225 7.14397
4226 7.07803
4227 7.00825
4228 6.97885
4229 7.71035
4230 6.90341
4231 7.16582
4232 6.85394
4233 6.53444
4234 6.57489
4235 7.06801
4236 6.62764
4237 7.24448
4238 6.71228
4239 6.70257
4240 6.84732
4241 7.01002
4242 6.76159
4243 7.03972
4244 6.71372
4245 6.71733
4246 6.88625
4247 6.97106
4248 7.10094
4249 7.36709
4250 6.76318
4251 7.20373
4252 6.90723
4253 6.99391
4254 7.09928
4255 7.46165
4256 6.92777
4257 7.58131
4258 7.11887
4259 7.84071
4260 7.44862
4261 6.58032
4262 6.68396
4263 7.21143
4264 6.53014
4265 7.15553
4266 7.04736
4267 6.77504
4268 7.14605
4269 7.35405
4270 7.75218
4271 7.35675
4272 6.53077
4273 6.86289
4274 6.95196
4275 7.18623
4276 6.73366
4277 7.46995
4278 6.73363
4279 6.94555
4280 6.91898
4281 7.26705
4282 6.80236
4283 6.5999
4284 7.20127
4285 6.78785
4286 6.73275
4287 6.59266
4288 7.39974
4289 7.54934
4290 6.7309
4291 6.48163
4292 6.7195
4293 6.93402
4294 7.31633
4295 6.7374
4296 6.67463
4297 7.04297
4298 6.81527
4299 7.47279
4300 6.98537
4301 6.78473
4302 6.76545
4303 6.79672
4304 7.20116
4305 6.91365
4306 6.55387
4307 6.7689
4308 6.726
4309 7.62376
4310 7.01419
4311 7.30285
4312 6.72141
4313 7.00309
4314 7.20352
4315 6.62971
4316 6.59671
4317 7.26907
4318 6.56073
4319 6.60658
4320 6.6733
4321 7.31546
4322 6.66679
4323 7.03105
4324 6.74389
4325 6.93725
4326 7.49484
4327 6.77022
4328 7.38456
4329 7.22285
4330 6.71244
4331 7.44279
4332 7.41212
4333 6.88499
4334 7.03672
4335 6.80264
4336 7.19441
4337 7.19192
4338 6.94681
4339 6.6221
4340 6.68609
4341 7.18534
4342 7.30293
4343 7.16253
4344 6.92177
4345 6.96397
4346 6.70855
4347 6.75031
4348 7.19687
4349 7.29073
4350 7.69458
4351 7.16122
4352 7.22913
4353 6.93895
4354 6.96242
4355 6.77524
4356 7.17249
4357 7.60014
4358 6.82023
4359 7.3126
4360 6.81706
4361 6.61911
4362 6.91668
4363 6.64501
4364 6.60015
4365 6.61283
4366 7.75711
4367 7.1402
4368 7.25884
4369 7.13501
4370 6.79798
4371 7.08322
4372 6.73689
4373 6.88318
4374 7.57254
4375 7.39864
4376 6.50316
4377 7.12226
4378 7.30188
4379 7.05693
4380 7.25237
4381 6.67417
4382 8.33877
4383 6.92031
4384 6.8674
4385 7.20573
4386 7.15698
4387 7.11375
4388 6.81195
4389 7.05078
4390 6.93282
4391 6.92812
4392 7.29454
4393 7.06617
4394 6.86063
4395 6.5497
4396 7.04769
4397 6.58559
4398 6.73812
4399 6.43119
4400 6.7505
4401 7.2062
4402 7.12818
4403 6.87863
4404 7.41655
4405 7.15163
4406 7.23067
4407 6.99377
4408 7.75751
4409 7.12364
4410 7.26104
4411 7.06552
4412 6.79496
4413 7.13029
4414 7.75909
4415 7.53875
4416 6.54998
4417 6.49726
4418 6.97555
4419 6.90996
4420 6.99677
4421 6.97747
4422 7.50766
4423 6.83303
4424 6.89191
4425 7.14301
4426 7.14173
4427 6.65626
4428 7.36109
4429 7.07785
4430 6.74294
4431 7.03911
4432 7.83256
4433 7.00803
4434 6.43277
4435 6.77993
4436 6.61548
4437 6.93127
4438 6.86476
4439 6.47087
4440 6.80859
4441 6.74957
4442 6.58702
4443 7.92066
4444 6.90511
4445 7.38555
4446 6.96187
4447 6.96127
4448 6.85576
4449 6.81251
4450 6.74804
4451 6.85206
4452 6.88764
4453 7.50035
4454 6.97587
4455 6.78575
4456 7.34477
4457 7.06519
4458 6.94733
4459 6.58555
4460 6.72126
4461 6.7517
4462 7.91165
4463 6.98136
4464 7.11134
4465 6.91749
4466 6.69312
4467 7.34873
4468 6.74475
4469 6.82803
4470 6.62962
4471 7.15535
4472 6.67317
4473 6.7405
4474 6.91291
4475 6.99362
4476 7.3297
4477 7.19434
4478 6.77647
4479 6.78226
4480 6.67154
4481 6.63816
4482 7.1402
4483 7.07424
4484 7.11096
4485 7.2378
4486 7.43597
4487 6.52635
4488 6.57225
4489 6.779
4490 8.14225
4491 6.94708
4492 6.65375
4493 6.70042
4494 6.97558
4495 6.79791
4496 6.66796
4497 6.65924
4498 7.01153
4499 7.76866
4500 6.68992
4501 6.74128
4502 6.74627
4503 6.87192
4504 7.94054
4505 7.04034
4506 7.58919
4507 7.76611
4508 6.69475
4509 7.27995
4510 6.80634
4511 6.9244
4512 6.80144
4513 7.1164
4514 6.76784
4515 6.61508
4516 6.84703
4517 6.73422
4518 6.87436
4519 6.79338
4520 7.09173
4521 7.01479
4522 7.81818
4523 7.41403
4524 6.80703
4525 7.08356
4526 6.972
4527 7.09621
4528 6.95835
4529 6.68004
4530 6.85374
4531 6.79069
4532 6.57731
4533 6.76561
4534 6.8774
4535 6.90583
4536 7.12853
4537 6.96977
4538 6.67182
4539 6.74405
4540 7.08441
4541 7.5161
4542 6.49601
4543 6.72433
4544 6.98679
4545 7.83699
4546 6.73625
4547 7.0784
4548 7.16919
4549 7.26497
4550 7.23082
4551 6.73849
4552 6.98887
4553 6.67012
4554 6.55349
4555 7.04986
4556 7.02636
4557 6.98832
4558 7.32925
4559 6.81476
4560 7.26722
4561 6.51762
4562 6.82791
4563 7.22694
4564 6.99798
4565 7.31399
4566 7.37252
4567 7.26396
4568 6.76771
4569 7.12508
4570 7.03662
4571 6.67047
4572 6.79311
4573 7.12772
4574 7.3455
4575 6.85633
4576 7.15048
4577 7.44123
4578 7.04446
4579 6.91816
4580 7.02307
4581 6.5678
4582 6.99693
4583 7.26957
4584 6.76973
4585 6.78036
4586 6.7119
4587 7.01553
4588 6.97818
4589 6.84523
4590 6.90463
4591 6.81461
4592 6.8435
4593 6.93197
4594 6.86376
4595 6.87025
4596 6.84115
4597 7.19475
4598 6.75087
4599 6.74073
4600 7.28116
4601 8.39526
4602 7.5933
4603 7.40335
4604 7.06336
4605 6.91642
4606 7.13472
4607 7.05357
4608 6.619
4609 6.97485
4610 7.60511
4611 7.13203
4612 7.34044
4613 6.68441
4614 6.65512
4615 7.22692
4616 6.70332
4617 7.18914
4618 7.13479
4619 6.91637
4620 7.03327
4621 7.11524
4622 6.65681
4623 6.93937
4624 7.53957
4625 7.02301
4626 7.14665
4627 6.886
4628 7.06825
4629 6.85051
4630 7.04229
4631 7.75705
4632 6.97941
4633 7.19928
4634 6.83062
4635 6.67357
4636 7.35625
4637 7.17966
4638 6.81785
4639 7.0551
4640 7.34122
4641 6.99502
4642 7.12506
4643 7.92219
4644 7.2889
4645 6.95091
4646 6.91329
4647 7.89059
4648 7.17613
4649 7.24046
4650 7.71799
4651 6.7895
4652 7.4329
4653 7.22013
4654 7.03354
4655 7.68613
4656 6.52008
4657 6.48198
4658 7.37911
4659 7.28951
4660 6.82224
4661 6.56426
4662 6.55471
4663 6.82036
4664 6.93623
4665 6.87717
4666 6.8426
4667 7.10626
4668 7.29602
4669 7.44894
4670 7.28211
4671 6.60123
4672 6.71902
4673 7.47336
4674 7.37796
4675 7.06736
4676 6.43794
4677 6.84951
4678 7.06605
4679 7.64014
4680 7.01236
4681 7.34977
4682 7.73459
4683 7.29027
4684 7.03791
4685 7.14497
4686 6.65872
4687 6.66043
4688 6.7737
4689 6.89739
4690 7.12254
4691 6.50851
4692 6.47577
4693 6.64302
4694 7.19978
4695 7.26934
4696 7.46373
4697 6.47582
4698 7.0922
4699 6.64941
4700 6.35481
4701 7.67222
4702 7.23058
4703 7.14101
4704 7.27492
4705 6.84997
4706 6.79455
4707 7.16285
4708 6.89196
4709 7.28432
4710 7.31883
4711 7.18326
4712 7.51387
4713 7.08686
4714 7.12511
4715 7.37292
4716 6.5834
4717 7.17861
4718 7.05422
4719 7.25991
4720 7.04104
4721 6.97634
4722 6.67095
4723 6.62998
4724 7.52682
4725 7.54247
4726 7.21089
4727 6.57422
4728 6.71492
4729 6.86877
4730 7.11657
4731 7.10632
4732 7.02334
4733 6.67132
4734 6.51667
4735 6.81247
4736 7.15902
4737 7.85378
4738 6.54039
4739 6.50041
4740 7.22288
4741 6.60625
4742 6.8432
4743 6.84149
4744 7.16427
4745 7.31759
4746 6.8404
4747 7.05635
4748 6.75284
4749 6.97999
4750 6.70569
4751 7.08947
4752 7.47708
4753 7.3983
4754 7.41347
4755 6.55484
4756 7.3597
4757 6.70878
4758 6.84069
4759 7.12463
4760 7.03934
4761 7.12568
4762 7.44456
4763 7.20714
4764 7.51482
4765 6.55446
4766 7.11608
4767 7.07094
4768 6.68021
4769 6.98525
4770 7.22732
4771 6.61811
4772 6.53534
4773 7.35391
4774 7.30177
4775 7.15852
4776 6.6306
4777 7.03519
4778 7.28825
4779 6.71422
4780 6.86824
4781 6.70362
4782 7.0653
4783 6.48788
4784 6.79385
4785 7.36264
4786 6.80574
4787 7.14998
4788 7.29603
4789 7.00302
4790 6.64167
4791 6.9812
4792 7.17102
4793 7.02252
4794 7.49591
4795 7.36597
4796 6.97232
4797 6.4934
4798 7.19122
4799 7.49809
4800 7.07148
4801 6.60225
4802 7.08616
4803 7.21389
4804 6.81629
4805 6.54161
4806 6.86295
4807 6.77003
4808 6.47612
4809 7.08603
4810 7.12345
4811 7.16828
4812 7.11436
4813 7.37039
4814 6.54057
4815 6.86845
4816 7.10679
4817 6.56015
4818 6.94207
4819 7.01764
4820 6.51962
4821 6.71453
4822 6.71664
4823 6.57524
4824 7.10921
4825 7.38765
4826 7.52253
4827 6.99183
4828 6.58268
4829 7.15245
4830 7.18178
4831 7.24514
4832 6.70142
4833 6.95195
4834 7.97504
4835 7.19712
4836 6.76491
4837 7.32835
4838 7.63153
4839 6.86946
4840 6.9935
4841 6.91279
4842 6.89858
4843 6.89003
4844 7.3187
4845 7.54496
4846 6.5812
4847 6.72329
4848 7.42133
4849 7.54565
4850 7.39498
4851 7.45899
4852 7.2874
4853 7.02578
4854 7.02209
4855 6.91272
4856 7.16824
4857 7.50813
4858 7.50496
4859 6.63074
4860 6.66999
4861 7.24545
4862 7.78326
4863 7.08181
4864 6.5772
4865 6.89239
4866 6.52228
4867 6.63758
4868 6.93697
4869 7.54501
4870 7.20182
4871 7.47099
4872 7.07576
4873 6.72864
4874 7.09634
4875 7.35402
4876 7.17749
4877 7.54137
4878 7.73951
4879 7.10642
4880 6.79246
4881 7.16103
4882 7.34007
4883 6.79277
4884 7.27594
4885 7.18863
4886 7.60282
4887 7.53698
4888 6.47762
4889 6.68873
4890 7.22742
4891 6.6806
4892 6.67006
4893 7.27113
4894 6.5974
4895 6.50212
4896 7.29702
4897 7.68545
4898 7.03684
4899 7.28582
4900 6.89156
4901 6.90091
4902 6.76774
4903 6.80234
4904 7.24923
4905 6.84119
4906 6.71999
4907 7.04925
4908 7.01476
4909 6.84617
4910 7.11148
4911 6.87526
4912 6.5806
4913 6.73293
4914 6.98596
4915 7.16935
4916 6.98735
4917 6.96556
4918 6.8679
4919 7.10844
4920 6.72678
4921 6.91485
4922 6.86594
4923 7.00775
4924 6.9031
4925 6.75293
4926 7.62173
4927 6.71348
4928 6.8395
4929 7.6783
4930 6.58899
4931 7.4863
4932 7.26404
4933 7.01974
4934 7.05047
4935 7.34969
4936 6.91834
4937 6.72536
4938 6.97322
4939 7.12113
4940 7.38833
4941 7.13251
4942 6.35438
4943 7.36874
4944 7.12689
4945 6.86424
4946 6.74295
4947 7.14386
4948 6.79841
4949 6.68533
4950 6.74052
4951 7.63675
4952 7.06551
4953 6.55045
4954 7.2638
4955 7.64052
4956 6.69717
4957 6.72111
4958 6.90675
4959 6.67812
4960 7.12027
4961 6.83522
4962 7.3563
4963 7.78427
4964 6.857
4965 7.28678
4966 6.60102
4967 6.81616
4968 7.02306
4969 7.19017
4970 6.89083
4971 7.33315
4972 6.69496
4973 7.17899
4974 6.81457
4975 6.7565
4976 6.82591
4977 7.20548
4978 6.9897
4979 7.15567
4980 6.8469
4981 6.96996
4982 6.94298
4983 6.76361
4984 6.6086
4985 6.95465
4986 6.8423
4987 7.0512
4988 7.83143
4989 7.50866
4990 6.89442
4991 7.08902
4992 7.83138
4993 6.64445
4994 7.06983
4995 6.99441
4996 6.87252
4997 6.93085
4998 6.82257
4999 6.87563
