0 27.8317
1 25.2956
2 22.0984
3 21.6333
4 20.7489
5 19.5426
6 19.2333
7 18.781
8 18.781
9 16.8586
10 16.6385
11 16.4162
12 16.4162
13 16.3537
14 16.3359
15 16.124
16 16.124
17 16.124
18 16.0863
19 15.8596
20 15.8596
21 15.8596
22 15.8596
23 15.5288
24 15.5288
25 15.43
26 15.43
27 15.43
28 15.3413
29 15.3413
30 14.969
31 14.969
32 14.8803
33 14.8803
34 14.8803
35 12.939
36 11.2942
37 11.2942
38 11.2942
39 11.2942
40 11.2942
41 11.2942
42 11.2942
43 11.1285
44 11.1285
45 11.1285
46 11.1233
47 11.1233
48 11.1233
49 11.1233
50 11.1233
51 11.1233
52 11.1233
53 11.1233
54 11.1233
55 11.1233
56 11.1213
57 11.1213
58 10.7092
59 10.7092
60 10.7092
61 10.7092
62 10.7092
63 10.7092
64 10.7092
65 10.7092
66 10.7092
67 10.7092
68 10.7092
69 10.7092
70 10.7092
71 10.7092
72 10.7092
73 10.7092
74 10.7092
75 10.7092
76 10.7092
77 10.7092
78 10.7092
79 10.7092
80 10.7092
81 10.7092
82 10.7092
83 10.7092
84 10.7092
85 10.7092
86 10.7092
87 10.6928
88 10.6928
89 10.6928
90 10.6928
91 10.6928
92 10.6928
93 10.6928
94 10.6928
95 10.6928
96 10.6928
97 10.6928
98 10.6928
99 10.6928
100 10.6928
101 10.6928
102 10.6928
103 10.6928
104 10.6928
105 10.6928
106 10.6928
107 10.6928
108 10.6928
109 10.6928
110 10.6928
111 10.6928
112 10.6928
113 10.6928
114 10.6928
115 10.6928
116 10.6928
117 10.6928
118 10.6928
119 10.6928
120 10.6928
121 10.6928
122 10.6928
123 10.6928
124 10.6928
125 10.6928
126 10.6928
127 10.6928
128 10.6456
129 10.6456
130 10.6456
131 10.6456
132 10.6456
133 10.6456
134 10.6456
135 10.6456
136 10.6456
137 10.6456
138 10.6456
139 10.6456
140 10.6456
141 10.6456
142 10.6456
143 10.6456
144 10.6456
145 10.6456
146 10.6456
147 10.6456
148 10.6456
149 10.6456
150 10.6456
151 10.6456
152 10.6456
153 10.6456
154 10.6456
155 10.6456
156 10.6456
157 10.6456
158 10.6456
159 10.6456
160 10.6456
161 10.6456
162 10.6456
163 10.6456
164 10.6456
165 10.6456
166 10.6456
167 10.6456
168 10.6456
169 10.6456
170 10.6456
171 10.6456
172 10.6456
173 10.6456
174 10.6456
175 10.6456
176 10.6456
177 10.6456
178 10.6456
179 10.6456
180 10.6456
181 10.6456
182 10.6456
183 10.6456
184 10.6456
185 10.6456
186 10.6456
187 10.6456
188 10.6456
189 10.6456
190 10.6456
191 10.6456
192 10.6456
193 10.6456
194 10.6456
195 10.6456
196 10.6456
197 10.6456
198 10.6456
199 10.6456
200 10.6456
201 10.6456
202 10.6456
203 10.6456
204 10.6456
205 10.6456
206 10.6456
207 10.6456
208 10.6456
209 10.6456
210 10.6456
211 10.6456
212 10.6456
213 10.6456
214 10.6456
215 10.6456
216 10.6456
217 10.6456
218 10.6456
219 10.6456
220 10.6456
221 10.6456
222 10.6456
223 10.6456
224 10.6456
225 10.6456
226 10.6456
227 10.6456
228 10.6456
229 10.6456
230 10.6456
231 10.6456
232 10.6456
233 10.6456
234 10.6456
235 10.6456
236 10.6456
237 10.6456
238 10.6456
239 10.6456
240 10.6456
241 10.6456
242 10.6456
243 10.6456
244 10.6456
245 10.6456
246 10.6456
247 10.6456
248 10.6456
249 10.6456
250 10.6456
251 10.6456
252 10.6456
253 10.6456
254 10.6456
255 10.6456
256 10.6456
257 10.6456
258 10.6456
259 10.6456
260 10.6456
261 10.6456
262 10.6456
263 10.6456
264 10.6456
265 10.6456
266 10.6456
267 10.6456
268 10.6456
269 10.6456
270 10.6456
271 10.6456
272 10.6456
273 10.6456
274 10.6456
275 10.6456
276 10.6456
277 10.6456
278 10.6456
279 10.6456
280 10.6456
281 10.6456
282 10.5146
283 10.5146
284 10.5146
285 10.5146
286 10.5146
287 10.5146
288 10.5146
289 10.5146
290 10.5146
291 10.5146
292 10.5146
293 10.3397
294 10.3397
295 10.3397
296 10.3397
297 10.3397
298 10.3397
299 10.3397
300 10.3397
301 10.3397
302 10.3397
303 10.3397
304 10.3397
305 10.3397
306 10.3397
307 10.3397
308 10.3397
309 10.0313
310 10.0313
311 10.0313
312 10.0313
313 10.027
314 10.027
315 10.027
316 10.027
317 9.89258
318 9.68007
319 9.68007
320 9.68007
321 9.54329
322 9.54329
323 9.54071
324 9.54071
325 9.54071
326 9.54071
327 9.39975
328 9.39975
329 9.39975
330 9.39975
331 9.39975
332 9.39975
333 9.39964
334 9.39964
335 9.39964
336 9.39964
337 9.39964
338 9.39964
339 9.32826
340 9.32826
341 9.31837
342 9.31837
343 9.31837
344 9.28182
345 9.28182
346 9.28182
347 9.28182
348 9.28182
349 9.28182
350 9.28182
351 9.28182
352 9.28182
353 8.74108
354 8.74108
355 8.74108
356 8.74108
357 8.44563
358 8.44563
359 8.44563
360 8.44563
361 8.44563
362 8.44563
363 8.44563
364 8.44563
365 8.44563
366 8.44563
367 8.44563
368 8.44563
369 8.44563
370 8.44563
371 8.44563
372 8.44563
373 8.44563
374 8.44563
375 8.44563
376 8.44563
377 8.44563
378 8.44563
379 8.44563
380 8.44563
381 8.44563
382 8.44563
383 8.44563
384 8.42785
385 8.42785
386 8.42785
387 8.42785
388 8.42785
389 8.42785
390 8.42785
391 8.42785
392 8.42785
393 8.42785
394 8.42785
395 8.42785
396 8.42785
397 8.42785
398 8.42785
399 8.42785
400 8.42785
401 8.42785
402 7.35062
403 7.35062
404 7.35062
405 7.35062
406 7.35062
407 7.35062
408 7.35062
409 7.35062
410 7.35062
411 7.35062
412 7.35062
413 7.35062
414 7.35062
415 7.35062
416 7.35062
417 7.35062
418 7.35062
419 7.35062
420 7.35062
421 7.35062
422 7.35062
423 7.35062
424 7.35062
425 7.35062
426 7.35062
427 7.35062
428 7.35062
429 7.35062
430 7.35062
431 7.35062
432 7.35062
433 7.35062
434 7.35062
435 7.35062
436 7.35062
437 7.35062
438 7.35062
439 7.35062
440 7.35062
441 7.35062
442 7.35062
443 7.35062
444 7.35062
445 7.35062
446 7.35062
447 7.35062
448 7.35062
449 7.35062
450 7.35062
451 7.35062
452 7.35062
453 7.35062
454 7.35062
455 7.35062
456 7.35062
457 7.35062
458 7.35062
459 7.35062
460 7.35062
461 7.35062
462 7.35062
463 7.35062
464 7.35062
465 7.35062
466 7.35062
467 7.35062
468 7.35062
469 7.35062
470 7.35062
471 7.35062
472 7.35062
473 7.35062
474 7.35062
475 7.35062
476 7.35062
477 7.35062
478 7.35062
479 7.35062
480 7.35062
481 7.35062
482 7.35062
483 7.35062
484 7.35062
485 7.35062
486 7.35062
487 7.35062
488 7.35062
489 7.35062
490 7.35062
491 7.35062
492 7.35062
493 7.35062
494 7.35062
495 7.35062
496 7.35062
497 7.35062
498 7.35062
499 7.35062
500 7.35062
501 7.35062
502 7.35062
503 7.35062
504 7.35062
505 7.35062
506 7.35062
507 7.35062
508 7.35062
509 7.35062
510 7.35062
511 7.35062
512 7.35062
513 7.35062
514 7.35062
515 7.35062
516 7.35062
517 7.35062
518 7.35062
519 7.35062
520 7.35062
521 7.35062
522 7.35062
523 7.35062
524 7.35062
525 7.35062
526 7.35062
527 7.35062
528 7.35062
529 7.35062
530 7.35062
531 7.35062
532 7.35062
533 7.35062
534 7.35062
535 7.35062
536 7.35062
537 7.35062
538 7.35062
539 7.35062
540 7.35062
541 7.35062
542 7.35062
543 7.35062
544 7.35062
545 7.35062
546 7.35062
547 7.35062
548 7.35062
549 7.35062
550 7.35062
551 7.35062
552 7.35062
553 7.35062
554 7.35062
555 7.35062
556 7.35062
557 7.35062
558 7.35062
559 7.35062
560 7.35062
561 7.35062
562 7.35062
563 7.35062
564 7.35062
565 7.35062
566 7.35062
567 7.35062
568 7.35062
569 7.35062
570 7.35062
571 7.35062
572 7.35062
573 7.35062
574 7.35062
575 7.35062
576 7.35062
577 7.35062
578 7.35062
579 7.35062
580 7.35062
581 7.35062
582 7.35062
583 7.35062
584 7.35062
585 7.35062
586 7.01162
587 7.01151
588 7.01151
589 7.01151
590 7.01151
591 7.01151
592 6.9964
593 6.9964
594 6.9964
595 6.9964
596 6.9964
597 6.9964
598 6.93212
599 6.93186
600 6.93186
601 6.93186
602 6.93186
603 6.93186
604 6.93186
605 6.93186
606 6.22056
607 6.22056
608 6.22056
609 6.22056
610 6.22056
611 6.22056
612 6.22056
613 6.22056
614 6.22056
615 6.22056
616 6.22056
617 6.22056
618 6.22056
619 6.22056
620 6.22056
621 6.22056
622 6.22056
623 6.22056
624 6.22056
625 6.22056
626 6.22056
627 6.22056
628 6.22056
629 6.22056
630 6.22056
631 6.22056
632 6.22056
633 6.22056
634 6.22056
635 6.22056
636 6.22056
637 6.22056
638 6.22056
639 6.22056
640 6.22056
641 6.22056
642 6.22056
643 6.22056
644 6.22056
645 6.22056
646 6.22056
647 6.22056
648 6.22056
649 6.22056
650 6.22056
651 6.22056
652 6.22056
653 6.22056
654 6.22056
655 6.22056
656 6.22056
657 6.22056
658 6.22056
659 6.22056
660 6.22056
661 6.22056
662 6.22056
663 6.22056
664 6.22056
665 6.22056
666 6.22056
667 6.22056
668 6.22056
669 6.22056
670 6.22056
671 6.22056
672 6.22056
673 6.22056
674 6.22056
675 6.22056
676 6.22056
677 6.22056
678 6.22056
679 6.22056
680 6.22056
681 6.22056
682 6.22056
683 6.22056
684 6.22056
685 6.22056
686 6.22056
687 6.22056
688 6.22056
689 6.22056
690 6.22056
691 6.22056
692 6.22056
693 6.22056
694 6.22056
695 6.22056
696 6.22056
697 6.22056
698 6.22056
699 6.22056
700 6.22056
701 6.22056
702 6.22056
703 6.22056
704 6.22056
705 6.22056
706 6.22056
707 6.22056
708 6.22056
709 6.22056
710 6.22056
711 6.22056
712 6.22056
713 6.22056
714 6.22056
715 6.22056
716 6.22056
717 6.22056
718 6.22056
719 6.22056
720 6.22056
721 6.22056
722 6.22056
723 6.22056
724 6.22056
725 6.22056
726 6.22056
727 6.22056
728 6.22056
729 6.22056
730 6.22056
731 6.22056
732 6.22056
733 6.22056
734 6.22056
735 6.22056
736 6.22056
737 6.22056
738 6.22056
739 6.22056
740 6.22056
741 6.22056
742 6.22056
743 6.22056
744 6.22056
745 6.22056
746 6.22056
747 6.22056
748 6.22056
749 6.22056
750 6.22056
751 6.22056
752 6.22056
753 6.22056
754 6.22056
755 6.22056
756 6.22056
757 6.22056
758 6.22056
759 6.22056
760 6.22056
761 6.22056
762 6.22056
763 6.22056
764 6.22056
765 6.22056
766 6.22056
767 6.22056
768 6.22056
769 6.22056
770 6.22056
771 6.22056
772 6.22056
773 6.22056
774 6.22056
775 6.22056
776 6.22056
777 6.22056
778 6.22056
779 6.22056
780 6.22056
781 6.22056
782 6.22056
783 6.22056
784 6.22056
785 6.22056
786 6.22056
787 6.22056
788 6.22056
789 6.22056
790 6.22056
791 6.22056
792 6.22056
793 6.22056
794 6.22056
795 6.22056
796 6.22056
797 6.22056
798 6.22056
799 6.22056
800 6.22056
801 6.22056
802 6.22056
803 6.22056
804 6.22056
805 6.22056
806 6.22056
807 6.22056
808 6.22056
809 6.22056
810 6.22056
811 6.22056
812 6.22056
813 6.22056
814 6.22056
815 6.22056
816 6.22056
817 6.22056
818 6.22056
819 6.22056
820 6.22056
821 6.22056
822 6.22056
823 6.22056
824 6.22056
825 6.22056
826 6.22056
827 6.22056
828 6.22056
829 6.22056
830 6.22056
831 6.22056
832 6.22056
833 6.22056
834 6.22056
835 6.22056
836 6.22056
837 6.22056
838 6.22056
839 6.22056
840 6.22056
841 6.22056
842 6.22056
843 6.22056
844 6.22056
845 6.22056
846 6.22056
847 6.22056
848 6.22056
849 6.22056
850 6.22056
851 6.22056
852 6.22056
853 6.22056
854 6.22056
855 6.22056
856 6.22056
857 6.22056
858 6.22056
859 6.22056
860 6.22056
861 6.22056
862 6.22056
863 6.22056
864 6.22056
865 6.22056
866 6.22056
867 6.22056
868 6.22056
869 6.22056
870 6.22056
871 6.22056
872 6.22056
873 6.22056
874 6.22056
875 6.22056
876 6.22056
877 6.22056
878 6.22056
879 6.22056
880 6.22056
881 6.22056
882 6.22056
883 6.22056
884 6.22056
885 6.22056
886 6.22056
887 6.22056
888 6.22056
889 6.22056
890 6.22056
891 6.22056
892 6.22056
893 6.22056
894 6.22056
895 6.22056
896 6.22056
897 6.22056
898 6.22056
899 6.22056
900 6.22056
901 6.22056
902 6.22056
903 6.22056
904 6.22056
905 6.22056
906 6.22056
907 6.22056
908 6.22056
909 6.22056
910 6.22056
911 6.22056
912 6.22056
913 6.22056
914 6.22056
915 6.22056
916 6.22056
917 6.22056
918 6.22056
919 6.22056
920 6.22056
921 6.22056
922 6.22056
923 6.22056
924 6.22056
925 6.22056
926 6.22056
927 6.22056
928 6.22056
929 6.22056
930 6.22056
931 6.22056
932 6.22056
933 6.22056
934 6.22056
935 6.22056
936 6.22056
937 6.22056
938 6.22056
939 6.22056
940 6.22056
941 6.22056
942 6.22056
943 6.22056
944 6.22056
945 6.22056
946 6.22056
947 6.22056
948 6.22056
949 6.22056
950 6.22056
951 6.22056
952 6.22056
953 6.22056
954 6.22056
955 6.22056
956 6.22056
957 6.22056
958 6.22056
959 6.22056
960 6.22056
961 6.22056
962 6.22056
963 6.22056
964 6.22056
965 6.22056
966 6.22056
967 6.22056
968 6.22056
969 6.22056
970 6.22056
971 6.22056
972 6.22056
973 6.22056
974 6.22056
975 6.22056
976 6.22056
977 6.22056
978 6.22056
979 6.22056
980 6.22056
981 6.22056
982 6.22056
983 6.22056
984 6.22056
985 6.22056
986 6.22056
987 6.22056
988 6.22056
989 6.22056
990 6.22056
991 6.22056
992 6.22056
993 6.22056
994 6.22056
995 6.22056
996 6.22056
997 6.22056
998 6.22056
999 6.22056
1000 6.22056
1001 6.22056
1002 6.22056
1003 6.22056
1004 6.22056
1005 6.22056
1006 6.22056
1007 6.22056
1008 6.22056
1009 6.22056
1010 6.22056
1011 6.22056
1012 6.22056
1013 6.22056
1014 6.22056
1015 6.22056
1016 6.22056
1017 6.22056
1018 6.22056
1019 6.22056
1020 6.22056
1021 6.22056
1022 6.22056
1023 6.22056
1024 6.22056
1025 6.22056
1026 6.22056
1027 6.22056
1028 6.22056
1029 6.22056
1030 6.22056
1031 6.22056
1032 6.22056
1033 6.22056
1034 6.22056
1035 6.22056
1036 6.22056
1037 6.22056
1038 6.22056
1039 6.22056
1040 6.22056
1041 6.22056
1042 6.22056
1043 6.22056
1044 6.22056
1045 6.22056
1046 6.22056
1047 6.22056
1048 6.22056
1049 6.22056
1050 6.22056
1051 6.22056
1052 6.22056
1053 6.22056
1054 6.22056
1055 6.22056
1056 6.22056
1057 6.22056
1058 6.22056
1059 6.22056
1060 6.22056
1061 6.22056
1062 6.22056
1063 6.22056
1064 6.22056
1065 6.22056
1066 6.22056
1067 6.22056
1068 6.22056
1069 6.22056
1070 6.22056
1071 6.22056
1072 6.22056
1073 6.22056
1074 6.22056
1075 6.22056
1076 6.22056
1077 6.22056
1078 6.22056
1079 6.22056
1080 6.22056
1081 6.22056
1082 6.22056
1083 6.22056
1084 6.22056
1085 6.22056
1086 6.22056
1087 6.22056
1088 6.22056
1089 6.22056
1090 6.22056
1091 6.22056
1092 6.22056
1093 6.22056
1094 6.22056
1095 6.22056
1096 6.22056
1097 6.22056
1098 6.22056
1099 6.22056
1100 6.22056
1101 6.22056
1102 6.22056
1103 6.22056
1104 6.22056
1105 6.22056
1106 6.22056
1107 6.22056
1108 6.22056
1109 6.22056
1110 6.22056
1111 6.22056
1112 6.22056
1113 6.22056
1114 6.22056
1115 6.22056
1116 6.22056
1117 6.22056
1118 6.22056
1119 6.22056
1120 6.22056
1121 6.22056
1122 6.22056
1123 6.22056
1124 6.22056
1125 6.22056
1126 6.22056
1127 6.22056
1128 6.22056
1129 6.22056
1130 6.22056
1131 6.22056
1132 6.22056
1133 6.22056
1134 6.22056
1135 6.22056
1136 6.22056
1137 6.22056
1138 6.22056
1139 6.22056
1140 6.22056
1141 6.22056
1142 6.22056
1143 6.22056
1144 6.22056
1145 6.22056
1146 6.22056
1147 6.22056
1148 6.22056
1149 6.22056
1150 6.22056
1151 6.22056
1152 6.22056
1153 6.22056
1154 6.22056
1155 6.22056
1156 6.22056
1157 6.22056
1158 6.22056
1159 6.22056
1160 6.22056
1161 6.22056
1162 6.22056
1163 6.22056
1164 6.22056
1165 6.22056
1166 6.22056
1167 6.22056
1168 6.22056
1169 6.22056
1170 6.22056
1171 6.22056
1172 6.22056
1173 6.22056
1174 6.22056
1175 6.22056
1176 6.22056
1177 6.22056
1178 6.22056
1179 6.22056
1180 6.22056
1181 6.22056
1182 6.22056
1183 6.22056
1184 6.22056
1185 6.22056
1186 6.22056
1187 6.22056
1188 6.22056
1189 6.22056
1190 6.22056
1191 6.22056
1192 6.22056
1193 6.22056
1194 6.22056
1195 6.22056
1196 6.22056
1197 6.22056
1198 6.22056
1199 6.22056
1200 6.22056
1201 6.22056
1202 6.22056
1203 6.22056
1204 6.22056
1205 6.22056
1206 6.22056
1207 6.22056
1208 6.22056
1209 6.22056
1210 6.22056
1211 6.22056
1212 6.22056
1213 6.22056
1214 6.22056
1215 6.22056
1216 6.22056
1217 6.22056
1218 6.22056
1219 6.22056
1220 6.22056
1221 6.22056
1222 6.22056
1223 6.22056
1224 6.22056
1225 6.22056
1226 6.22056
1227 6.22056
1228 6.22056
1229 6.22056
1230 6.22056
1231 6.22056
1232 6.22056
1233 6.22056
1234 6.22056
1235 6.22056
1236 6.22056
1237 6.22056
1238 6.22056
1239 6.22056
1240 6.22056
1241 6.22056
1242 6.22056
1243 6.22056
1244 6.22056
1245 6.22056
1246 6.22056
1247 6.22056
1248 6.22056
1249 6.22056
1250 6.22056
1251 6.22056
1252 6.22056
1253 6.22056
1254 6.22056
1255 6.22056
1256 6.22056
1257 6.22056
1258 6.22056
1259 6.22056
1260 6.22056
1261 6.22056
1262 6.22056
1263 6.22056
1264 6.22056
1265 6.22056
1266 6.22056
1267 6.22056
1268 6.22056
1269 6.22056
1270 6.22056
1271 6.22056
1272 6.22056
1273 6.22056
1274 6.22056
1275 6.22056
1276 6.22056
1277 6.22056
1278 6.22056
1279 6.22056
1280 6.22056
1281 6.22056
1282 6.22056
1283 6.22056
1284 6.22056
1285 6.22056
1286 6.22056
1287 6.22056
1288 6.22056
1289 6.22056
1290 6.22056
1291 6.22056
1292 6.22056
1293 6.22056
1294 6.22056
1295 6.22056
1296 6.22056
1297 6.22056
1298 6.22056
1299 6.22056
1300 6.22056
1301 6.22056
1302 6.22056
1303 6.22056
1304 6.22056
1305 6.22056
1306 6.22056
1307 6.22056
1308 6.22056
1309 6.22056
1310 6.22056
1311 6.22056
1312 6.22056
1313 6.22056
1314 6.22056
1315 6.22056
1316 6.22056
1317 6.22056
1318 6.22056
1319 6.22056
1320 6.22056
1321 6.22056
1322 6.22056
1323 6.22056
1324 6.22056
1325 6.22056
1326 6.22056
1327 6.22056
1328 6.22056
1329 6.22056
1330 6.22056
1331 6.22056
1332 6.22056
1333 6.22056
1334 6.22056
1335 6.22056
1336 6.22056
1337 6.22056
1338 6.22056
1339 6.22056
1340 6.22056
1341 6.22056
1342 6.22056
1343 6.22056
1344 6.22056
1345 6.22056
1346 6.22056
1347 6.22056
1348 6.22056
1349 6.22056
1350 6.22056
1351 6.22056
1352 6.22056
1353 6.22056
1354 6.22056
1355 6.22056
1356 6.22056
1357 6.22056
1358 6.22056
1359 6.22056
1360 6.22056
1361 6.22056
1362 6.22056
1363 6.22056
1364 6.22056
1365 6.22056
1366 6.22056
1367 6.22056
1368 6.22056
1369 6.22056
1370 6.22056
1371 6.22056
1372 6.22056
1373 6.22056
1374 6.22056
1375 6.22056
1376 6.22056
1377 6.22056
1378 6.22056
1379 6.22056
1380 6.22056
1381 6.22056
1382 6.22056
1383 6.22056
1384 6.22056
1385 6.22056
1386 6.22056
1387 6.22056
1388 6.22056
1389 6.22056
1390 6.22056
1391 6.22056
1392 6.22056
1393 6.22056
1394 6.22056
1395 6.22056
1396 6.22056
1397 6.22056
1398 6.22056
1399 6.22056
1400 6.22056
1401 6.22056
1402 6.22056
1403 6.22056
1404 6.22056
1405 6.22056
1406 6.22056
1407 6.22056
1408 6.22056
1409 6.22056
1410 6.22056
1411 6.22056
1412 6.22056
1413 6.22056
1414 6.22056
1415 6.22056
1416 6.22056
1417 6.22056
1418 6.22056
1419 6.22056
1420 6.22056
1421 6.22056
1422 6.22056
1423 6.22056
1424 6.22056
1425 6.22056
1426 6.22056
1427 6.22056
1428 6.22056
1429 6.22056
1430 6.22056
1431 6.22056
1432 6.22056
1433 6.22056
1434 6.22056
1435 6.22056
1436 6.22056
1437 6.22056
1438 6.22056
1439 6.22056
1440 6.22056
1441 6.22056
1442 6.22056
1443 6.22056
1444 6.22056
1445 6.22056
1446 6.22056
1447 6.22056
1448 6.22056
1449 6.22056
1450 6.22056
1451 6.22056
1452 6.22056
1453 6.22056
1454 6.22056
1455 6.22056
1456 6.22056
1457 6.22056
1458 6.22056
1459 6.22056
1460 6.22056
1461 6.22056
1462 6.22056
1463 6.22056
1464 6.22056
1465 6.22056
1466 6.22056
1467 6.22056
1468 6.22056
1469 6.22056
1470 6.22056
1471 6.22056
1472 6.22056
1473 6.22056
1474 6.22056
1475 6.22056
1476 6.22056
1477 6.22056
1478 6.22056
1479 6.22056
1480 6.22056
1481 6.22056
1482 6.22056
1483 6.22056
1484 6.22056
1485 6.22056
1486 6.22056
1487 6.22056
1488 6.22056
1489 6.22056
1490 6.22056
1491 6.22056
1492 6.22056
1493 6.22056
1494 6.22056
1495 6.22056
1496 6.22056
1497 6.22056
1498 6.22056
1499 6.22056
1500 6.22056
1501 6.22056
1502 6.22056
1503 6.22056
1504 6.22056
1505 6.22056
1506 6.22056
1507 6.22056
1508 6.22056
1509 6.22056
1510 6.22056
1511 6.22056
1512 6.22056
1513 6.22056
1514 6.22056
1515 6.22056
1516 6.22056
1517 6.22056
1518 6.22056
1519 6.22056
1520 6.22056
1521 6.22056
1522 6.22056
1523 6.22056
1524 6.22056
1525 6.22056
1526 6.22056
1527 6.22056
1528 6.22056
1529 6.22056
1530 6.22056
1531 6.22056
1532 6.22056
1533 6.22056
1534 6.22056
1535 6.22056
1536 6.22056
1537 6.22056
1538 6.22056
1539 6.22056
1540 6.22056
1541 6.22056
1542 6.22056
1543 6.22056
1544 6.22056
1545 6.22056
1546 6.22056
1547 6.22056
1548 6.22056
1549 6.22056
1550 6.22056
1551 6.22056
1552 6.22056
1553 6.22056
1554 6.22056
1555 6.22056
1556 6.22056
1557 6.22056
1558 6.22056
1559 6.22056
1560 6.22056
1561 6.22056
1562 6.22056
1563 6.22056
1564 6.22056
1565 6.22056
1566 6.22056
1567 6.22056
1568 6.22056
1569 6.22056
1570 6.22056
1571 6.22056
1572 6.22056
1573 6.22056
1574 6.22056
1575 6.22056
1576 6.22056
1577 6.22056
1578 6.22056
1579 6.22056
1580 6.22056
1581 6.22056
1582 6.22056
1583 6.22056
1584 6.22056
1585 6.22056
1586 6.22056
1587 6.22056
1588 6.22056
1589 6.22056
1590 6.22056
1591 6.22056
1592 6.22056
1593 6.22056
1594 6.22056
1595 6.22056
1596 6.22056
1597 6.22056
1598 6.22056
1599 6.22056
1600 6.22056
1601 6.22056
1602 6.22056
1603 6.22056
1604 6.22056
1605 6.22056
1606 6.22056
1607 6.22056
1608 6.22056
1609 6.22056
1610 6.22056
1611 6.22056
1612 6.22056
1613 6.22056
1614 6.22056
1615 6.22056
1616 6.22056
1617 6.22056
1618 6.22056
1619 6.22056
1620 6.22056
1621 6.22056
1622 6.22056
1623 6.22056
1624 6.22056
1625 6.22056
1626 6.22056
1627 6.22056
1628 6.22056
1629 6.22056
1630 6.22056
1631 6.22056
1632 6.22056
1633 6.22056
1634 6.22056
1635 6.22056
1636 6.22056
1637 6.22056
1638 6.22056
1639 6.22056
1640 6.22056
1641 6.22056
1642 6.22056
1643 6.22056
1644 6.22056
1645 6.22056
1646 6.22056
1647 6.22056
1648 6.22056
1649 6.22056
1650 6.22056
1651 6.22056
1652 6.22056
1653 6.22056
1654 6.22056
1655 6.22056
1656 6.22056
1657 6.22056
1658 6.22056
1659 6.22056
1660 6.22056
1661 6.22056
1662 6.22056
1663 6.22056
1664 6.22056
1665 6.22056
1666 6.22056
1667 6.22056
1668 6.22056
1669 6.22056
1670 6.22056
1671 6.22056
1672 6.22056
1673 6.22056
1674 6.22056
1675 6.22056
1676 6.22056
1677 6.22056
1678 6.22056
1679 6.22056
1680 6.22056
1681 6.22056
1682 6.22056
1683 6.22056
1684 6.22056
1685 6.22056
1686 6.22056
1687 6.22056
1688 6.22056
1689 6.22056
1690 6.22056
1691 6.22056
1692 6.22056
1693 6.22056
1694 6.22056
1695 6.22056
1696 6.22056
1697 6.22056
1698 6.22056
1699 6.22056
1700 6.22056
1701 6.22056
1702 6.22056
1703 6.22056
1704 6.22056
1705 6.22056
1706 6.22056
1707 6.22056
1708 6.22056
1709 6.22056
1710 6.22056
1711 6.22056
1712 6.22056
1713 6.22056
1714 6.22056
1715 6.22056
1716 6.22056
1717 6.22056
1718 6.22056
1719 6.22056
1720 6.22056
1721 6.22056
1722 6.22056
1723 6.22056
1724 6.22056
1725 6.22056
1726 6.22056
1727 6.22056
1728 6.22056
1729 6.22056
1730 6.22056
1731 6.22056
1732 6.22056
1733 6.22056
1734 6.22056
1735 6.22056
1736 6.22056
1737 6.22056
1738 6.22056
1739 6.22056
1740 6.22056
1741 6.22056
1742 6.22056
1743 6.22056
1744 6.22056
1745 6.22056
1746 6.22056
1747 6.22056
1748 6.22056
1749 6.22056
1750 6.22056
1751 6.22056
1752 6.22056
1753 6.22056
1754 6.22056
1755 6.22056
1756 6.22056
1757 6.22056
1758 6.22056
1759 6.22056
1760 6.22056
1761 6.22056
1762 6.22056
1763 6.22056
1764 6.22056
1765 6.22056
1766 6.22056
1767 6.22056
1768 6.22056
1769 6.22056
1770 6.22056
1771 6.22056
1772 6.22056
1773 6.22056
1774 6.22056
1775 6.22056
1776 6.22056
1777 6.22056
1778 6.22056
1779 6.22056
1780 6.22056
1781 6.22056
1782 6.22056
1783 6.22056
1784 6.22056
1785 6.22056
1786 6.22056
1787 6.22056
1788 6.22056
1789 6.22056
1790 6.22056
1791 6.22056
1792 6.22056
1793 6.22056
1794 6.22056
1795 6.22056
1796 6.22056
1797 6.22056
1798 6.22056
1799 6.22056
1800 6.22056
1801 6.22056
1802 6.22056
1803 6.22056
1804 6.22056
1805 6.22056
1806 6.22056
1807 6.22056
1808 6.22056
1809 6.22056
1810 6.22056
1811 6.22056
1812 6.22056
1813 6.22056
1814 6.22056
1815 6.22056
1816 6.22056
1817 6.22056
1818 6.22056
1819 6.22056
1820 6.22056
1821 6.22056
1822 6.22056
1823 6.22056
1824 6.22056
1825 6.22056
1826 6.22056
1827 6.22056
1828 6.22056
1829 6.22056
1830 6.22056
1831 6.22056
1832 6.22056
1833 6.22056
1834 6.22056
1835 6.22056
1836 6.22056
1837 6.22056
1838 6.22056
1839 6.22056
1840 6.22056
1841 6.22056
1842 6.22056
1843 6.22056
1844 6.22056
1845 6.22056
1846 6.22056
1847 6.22056
1848 6.22056
1849 6.22056
1850 6.22056
1851 6.22056
1852 6.22056
1853 6.22056
1854 6.22056
1855 6.22056
1856 6.22056
1857 6.22056
1858 6.22056
1859 6.22056
1860 6.22056
1861 6.22056
1862 6.22056
1863 6.22056
1864 6.22056
1865 6.22056
1866 6.22056
1867 6.22056
1868 6.22056
1869 6.22056
1870 6.22056
1871 6.22056
1872 6.22056
1873 6.22056
1874 6.22056
1875 6.22056
1876 6.22056
1877 6.22056
1878 6.22056
1879 6.22056
1880 6.22056
1881 6.22056
1882 6.22056
1883 6.22056
1884 6.22056
1885 6.22056
1886 6.22056
1887 6.22056
1888 6.22056
1889 6.22056
1890 6.22056
1891 6.22056
1892 6.22056
1893 6.22056
1894 6.22056
1895 6.22056
1896 6.22056
1897 6.22056
1898 6.22056
1899 6.22056
1900 6.22056
1901 6.22056
1902 6.22056
1903 6.22056
1904 6.22056
1905 6.22056
1906 6.22056
1907 6.22056
1908 6.22056
1909 6.22056
1910 6.22056
1911 6.22056
1912 6.22056
1913 6.22056
1914 6.22056
1915 6.22056
1916 6.22056
1917 6.22056
1918 6.22056
1919 6.22056
1920 6.22056
1921 6.22056
1922 6.22056
1923 6.22056
1924 6.22056
1925 6.22056
1926 6.22056
1927 6.22056
1928 6.22056
1929 6.22056
1930 6.22056
1931 6.22056
1932 6.22056
1933 6.22056
1934 6.22056
1935 6.22056
1936 6.22056
1937 6.22056
1938 6.22056
1939 6.22056
1940 6.22056
1941 6.22056
1942 6.22056
1943 6.22056
1944 6.22056
1945 6.22056
1946 6.22056
1947 6.22056
1948 6.22056
1949 6.22056
1950 6.22056
1951 6.22056
1952 6.22056
1953 6.22056
1954 6.22056
1955 6.22056
1956 6.22056
1957 6.22056
1958 6.22056
1959 6.22056
1960 6.22056
1961 6.22056
1962 6.22056
1963 6.22056
1964 6.22056
1965 6.22056
1966 6.22056
1967 6.22056
1968 6.22056
1969 6.22056
1970 6.22056
1971 6.22056
1972 6.22056
1973 6.22056
1974 6.22056
1975 6.22056
1976 6.22056
1977 6.22056
1978 6.22056
1979 6.22056
1980 6.22056
1981 6.22056
1982 6.22056
1983 6.22056
1984 6.22056
1985 6.22056
1986 6.22056
1987 6.22056
1988 6.22056
1989 6.22056
1990 6.22056
1991 6.22056
1992 6.22056
1993 6.22056
1994 6.22056
1995 6.22056
1996 6.22056
1997 6.22056
1998 6.22056
1999 6.22056
2000 6.22056
2001 6.22056
2002 6.22056
2003 6.22056
2004 6.22056
2005 6.22056
2006 6.22056
2007 6.22056
2008 6.22056
2009 6.22056
2010 6.22056
2011 6.22056
2012 6.22056
2013 6.22056
2014 6.22056
2015 6.22056
2016 6.22056
2017 6.22056
2018 6.22056
2019 6.22056
2020 6.22056
2021 6.22056
2022 6.22056
2023 6.22056
2024 6.22056
2025 6.22056
2026 6.22056
2027 6.22056
2028 6.22056
2029 6.22056
2030 6.22056
2031 6.22056
2032 6.22056
2033 6.22056
2034 6.22056
2035 6.22056
2036 6.22056
2037 6.22056
2038 6.22056
2039 6.22056
2040 6.22056
2041 6.22056
2042 6.22056
2043 6.22056
2044 6.22056
2045 6.22056
2046 6.22056
2047 6.22056
2048 6.22056
2049 6.22056
2050 6.22056
2051 6.22056
2052 6.22056
2053 6.22056
2054 6.22056
2055 6.22056
2056 6.22056
2057 6.22056
2058 6.22056
2059 6.22056
2060 6.22056
2061 6.22056
2062 6.22056
2063 6.22056
2064 6.22056
2065 6.22056
2066 6.22056
2067 6.22056
2068 6.22056
2069 6.22056
2070 6.22056
2071 6.22056
2072 6.22056
2073 6.22056
2074 6.22056
2075 6.22056
2076 6.22056
2077 6.22056
2078 6.22056
2079 6.22056
2080 6.22056
2081 6.22056
2082 6.22056
2083 6.22056
2084 6.22056
2085 6.22056
2086 6.22056
2087 6.22056
2088 6.22056
2089 6.22056
2090 6.22056
2091 6.22056
2092 6.22056
2093 6.22056
2094 6.22056
2095 6.22056
2096 6.22056
2097 6.22056
2098 6.22056
2099 6.22056
2100 6.22056
2101 6.22056
2102 6.22056
2103 6.22056
2104 6.22056
2105 6.22056
2106 6.22056
2107 6.22056
2108 6.22056
2109 6.22056
2110 6.22056
2111 6.22056
2112 6.22056
2113 6.22056
2114 6.22056
2115 6.22056
2116 6.22056
2117 6.22056
2118 6.22056
2119 6.22056
2120 6.22056
2121 6.22056
2122 6.22056
2123 6.22056
2124 6.22056
2125 6.22056
2126 6.22056
2127 6.22056
2128 6.22056
2129 6.22056
2130 6.22056
2131 6.22056
2132 6.22056
2133 6.22056
2134 6.22056
2135 6.22056
2136 6.22056
2137 6.22056
2138 6.22056
2139 6.22056
2140 6.22056
2141 6.22056
2142 6.22056
2143 6.22056
2144 6.22056
2145 6.22056
2146 6.22056
2147 6.22056
2148 6.22056
2149 6.22056
2150 6.22056
2151 6.22056
2152 6.22056
2153 6.22056
2154 6.22056
2155 6.22056
2156 6.22056
2157 6.22056
2158 6.22056
2159 6.22056
2160 6.22056
2161 6.22056
2162 6.22056
2163 6.22056
2164 6.22056
2165 6.22056
2166 6.22056
2167 6.22056
2168 6.22056
2169 6.22056
2170 6.22056
2171 6.22056
2172 6.22056
2173 6.22056
2174 6.22056
2175 6.22056
2176 6.22056
2177 6.22056
2178 6.22056
2179 6.22056
2180 6.22056
2181 6.22056
2182 6.22056
2183 6.22056
2184 6.22056
2185 6.22056
2186 6.22056
2187 6.22056
2188 6.22056
2189 6.22056
2190 6.22056
2191 6.22056
2192 6.22056
2193 6.22056
2194 6.22056
2195 6.22056
2196 6.22056
2197 6.22056
2198 6.22056
2199 6.22056
2200 6.22056
2201 6.22056
2202 6.22056
2203 6.22056
2204 6.22056
2205 6.22056
2206 6.22056
2207 6.22056
2208 6.22056
2209 6.22056
2210 6.22056
2211 6.22056
2212 6.22056
2213 6.22056
2214 6.22056
2215 6.22056
2216 6.22056
2217 6.22056
2218 6.22056
2219 6.22056
2220 6.22056
2221 6.22056
2222 6.22056
2223 6.22056
2224 6.22056
2225 6.22056
2226 6.22056
2227 6.22056
2228 6.22056
2229 6.22056
2230 6.22056
2231 6.22056
2232 6.22056
2233 6.22056
2234 6.22056
2235 6.22056
2236 6.22056
2237 6.22056
2238 6.22056
2239 6.22056
2240 6.22056
2241 6.22056
2242 6.22056
2243 6.22056
2244 6.22056
2245 6.22056
2246 6.22056
2247 6.22056
2248 6.22056
2249 6.22056
2250 6.22056
2251 6.22056
2252 6.22056
2253 6.22056
2254 6.22056
2255 6.22056
2256 6.22056
2257 6.22056
2258 6.22056
2259 6.22056
2260 6.22056
2261 6.22056
2262 6.22056
2263 6.22056
2264 6.22056
2265 6.22056
2266 6.22056
2267 6.22056
2268 6.22056
2269 6.22056
2270 6.22056
2271 6.22056
2272 6.22056
2273 6.22056
2274 6.22056
2275 6.22056
2276 6.22056
2277 6.22056
2278 6.22056
2279 6.22056
2280 6.22056
2281 6.22056
2282 6.22056
2283 6.22056
2284 6.22056
2285 6.22056
2286 6.22056
2287 6.22056
2288 6.22056
2289 6.22056
2290 6.22056
2291 6.22056
2292 6.22056
2293 6.22056
2294 6.22056
2295 6.22056
2296 6.22056
2297 6.22056
2298 6.22056
2299 6.22056
2300 6.22056
2301 6.22056
2302 6.22056
2303 6.22056
2304 6.22056
2305 6.22056
2306 6.22056
2307 6.22056
2308 6.22056
2309 6.22056
2310 6.22056
2311 6.22056
2312 6.22056
2313 6.22056
2314 6.22056
2315 6.22056
2316 6.22056
2317 6.22056
2318 6.22056
2319 6.22056
2320 6.22056
2321 6.22056
2322 6.22056
2323 6.22056
2324 6.22056
2325 6.22056
2326 6.22056
2327 6.22056
2328 6.22056
2329 6.22056
2330 6.22056
2331 6.22056
2332 6.22056
2333 6.22056
2334 6.22056
2335 6.22056
2336 6.22056
2337 6.22056
2338 6.22056
2339 6.22056
2340 6.22056
2341 6.22056
2342 6.22056
2343 6.22056
2344 6.22056
2345 6.22056
2346 6.22056
2347 6.22056
2348 6.22056
2349 6.22056
2350 6.22056
2351 6.22056
2352 6.22056
2353 6.22056
2354 6.22056
2355 6.22056
2356 6.22056
2357 6.22056
2358 6.22056
2359 6.22056
2360 6.22056
2361 6.22056
2362 6.22056
2363 6.22056
2364 6.22056
2365 6.22056
2366 6.22056
2367 6.22056
2368 6.22056
2369 6.22056
2370 6.22056
2371 6.22056
2372 6.22056
2373 6.22056
2374 6.22056
2375 6.22056
2376 6.22056
2377 6.22056
2378 6.22056
2379 6.22056
2380 6.22056
2381 6.22056
2382 6.22056
2383 6.22056
2384 6.22056
2385 6.22056
2386 6.22056
2387 6.22056
2388 6.22056
2389 6.22056
2390 6.22056
2391 6.22056
2392 6.22056
2393 6.22056
2394 6.22056
2395 6.22056
2396 6.22056
2397 6.22056
2398 6.22056
2399 6.22056
2400 6.22056
2401 6.22056
2402 6.22056
2403 6.22056
2404 6.22056
2405 6.22056
2406 6.22056
2407 6.22056
2408 6.22056
2409 6.22056
2410 6.22056
2411 6.22056
2412 6.22056
2413 6.22056
2414 6.22056
2415 6.22056
2416 6.22056
2417 6.22056
2418 6.22056
2419 6.22056
2420 6.22056
2421 6.22056
2422 6.22056
2423 6.22056
2424 6.22056
2425 6.22056
2426 6.22056
2427 6.22056
2428 6.22056
2429 6.22056
2430 6.22056
2431 6.22056
2432 6.22056
2433 6.22056
2434 6.22056
2435 6.22056
2436 6.22056
2437 6.22056
2438 6.22056
2439 6.22056
2440 6.22056
2441 6.22056
2442 6.22056
2443 6.22056
2444 6.22056
2445 6.22056
2446 6.22056
2447 6.22056
2448 6.22056
2449 6.22056
2450 6.22056
2451 6.22056
2452 6.22056
2453 6.22056
2454 6.22056
2455 6.22056
2456 6.22056
2457 6.22056
2458 6.22056
2459 6.22056
2460 6.22056
2461 6.22056
2462 6.22056
2463 6.22056
2464 6.22056
2465 6.22056
2466 6.22056
2467 6.22056
2468 6.22056
2469 6.22056
2470 6.22056
2471 6.22056
2472 6.22056
2473 6.22056
2474 6.22056
2475 6.22056
2476 6.22056
2477 6.22056
2478 6.22056
2479 6.22056
2480 6.22056
2481 6.22056
2482 6.22056
2483 6.22056
2484 6.22056
2485 6.22056
2486 6.22056
2487 6.22056
2488 6.22056
2489 6.22056
2490 6.22056
2491 6.22056
2492 6.22056
2493 6.22056
2494 6.22056
2495 6.22056
2496 6.22056
2497 6.22056
2498 6.22056
2499 6.22056
2500 6.22056
2501 6.22056
2502 6.22056
2503 6.22056
2504 6.22056
2505 6.22056
2506 6.22056
2507 6.22056
2508 6.22056
2509 6.22056
2510 6.22056
2511 6.22056
2512 6.22056
2513 6.22056
2514 6.22056
2515 6.22056
2516 6.22056
2517 6.22056
2518 6.22056
2519 6.22056
2520 6.22056
2521 6.22056
2522 6.22056
2523 6.22056
2524 6.22056
2525 6.22056
2526 6.22056
2527 6.22056
2528 6.22056
2529 6.22056
2530 6.22056
2531 6.22056
2532 6.22056
2533 6.22056
2534 6.22056
2535 6.22056
2536 6.22056
2537 6.22056
2538 6.22056
2539 6.22056
2540 6.22056
2541 6.22056
2542 6.22056
2543 6.22056
2544 6.22056
2545 6.22056
2546 6.22056
2547 6.22056
2548 6.22056
2549 6.22056
2550 6.22056
2551 6.22056
2552 6.22056
2553 6.22056
2554 6.22056
2555 6.22056
2556 6.22056
2557 6.22056
2558 6.22056
2559 6.22056
2560 6.22056
2561 6.22056
2562 6.22056
2563 6.22056
2564 6.22056
2565 6.22056
2566 6.22056
2567 6.22056
2568 6.22056
2569 6.22056
2570 6.22056
2571 6.22056
2572 6.22056
2573 6.22056
2574 6.22056
2575 6.22056
2576 6.22056
2577 6.22056
2578 6.22056
2579 6.22056
2580 6.22056
2581 6.22056
2582 6.22056
2583 6.22056
2584 6.22056
2585 6.22056
2586 6.22056
2587 6.22056
2588 6.22056
2589 6.22056
2590 6.22056
2591 6.22056
2592 6.22056
2593 6.22056
2594 6.22056
2595 6.22056
2596 6.22056
2597 6.22056
2598 6.22056
2599 6.22056
2600 6.22056
2601 6.22056
2602 6.22056
2603 6.22056
2604 6.22056
2605 6.22056
2606 6.22056
2607 6.22056
2608 6.22056
2609 6.22056
2610 6.22056
2611 6.22056
2612 6.22056
2613 6.22056
2614 6.22056
2615 6.22056
2616 6.22056
2617 6.22056
2618 6.22056
2619 6.22056
2620 6.22056
2621 6.22056
2622 6.22056
2623 6.22056
2624 6.22056
2625 6.22056
2626 6.22056
2627 6.22056
2628 6.22056
2629 6.22056
2630 6.22056
2631 6.22056
2632 6.22056
2633 6.22056
2634 6.22056
2635 6.22056
2636 6.22056
2637 6.22056
2638 6.22056
2639 6.22056
2640 6.22056
2641 6.22056
2642 6.22056
2643 6.22056
2644 6.22056
2645 6.22056
2646 6.22056
2647 6.22056
2648 6.22056
2649 6.22056
2650 6.22056
2651 6.22056
2652 6.22056
2653 6.22056
2654 6.22056
2655 6.22056
2656 6.22056
2657 6.22056
2658 6.22056
2659 6.22056
2660 6.22056
2661 6.22056
2662 6.22056
2663 6.22056
2664 6.22056
2665 6.22056
2666 6.22056
2667 6.22056
2668 6.22056
2669 6.22056
2670 6.22056
2671 6.22056
2672 6.22056
2673 6.22056
2674 6.22056
2675 6.22056
2676 6.22056
2677 6.22056
2678 6.22056
2679 6.22056
2680 6.22056
2681 6.22056
2682 6.22056
2683 6.22056
2684 6.22056
2685 6.22056
2686 6.22056
2687 6.22056
2688 6.22056
2689 6.22056
2690 6.22056
2691 6.22056
2692 6.22056
2693 6.22056
2694 6.22056
2695 6.22056
2696 6.22056
2697 6.22056
2698 6.22056
2699 6.22056
2700 6.22056
2701 6.22056
2702 6.22056
2703 6.22056
2704 6.22056
2705 6.22056
2706 6.22056
2707 6.22056
2708 6.22056
2709 6.22056
2710 6.22056
2711 6.22056
2712 6.22056
2713 6.22056
2714 6.22056
2715 6.22056
2716 6.22056
2717 6.22056
2718 6.22056
2719 6.22056
2720 6.22056
2721 6.22056
2722 6.22056
2723 6.22056
2724 6.22056
2725 6.22056
2726 6.22056
2727 6.22056
2728 6.22056
2729 6.22056
2730 6.22056
2731 6.22056
2732 6.22056
2733 6.22056
2734 6.22056
2735 6.22056
2736 6.22056
2737 6.22056
2738 6.22056
2739 6.22056
2740 6.22056
2741 6.22056
2742 6.22056
2743 6.22056
2744 6.22056
2745 6.22056
2746 6.22056
2747 6.22056
2748 6.22056
2749 6.22056
2750 6.22056
2751 6.22056
2752 6.22056
2753 6.22056
2754 6.22056
2755 6.22056
2756 6.22056
2757 6.22056
2758 6.22056
2759 6.22056
2760 6.22056
2761 6.22056
2762 6.22056
2763 6.22056
2764 6.22056
2765 6.22056
2766 6.22056
2767 6.22056
2768 6.22056
2769 6.22056
2770 6.22056
2771 6.22056
2772 6.22056
2773 6.22056
2774 6.22056
2775 6.22056
2776 6.22056
2777 6.22056
2778 6.22056
2779 6.22056
2780 6.22056
2781 6.22056
2782 6.22056
2783 6.22056
2784 6.22056
2785 6.22056
2786 6.22056
2787 6.22056
2788 6.22056
2789 6.22056
2790 6.22056
2791 6.22056
2792 6.22056
2793 6.22056
2794 6.22056
2795 6.22056
2796 6.22056
2797 6.22056
2798 6.22056
2799 6.22056
2800 6.22056
2801 6.22056
2802 6.22056
2803 6.22056
2804 6.22056
2805 6.22056
2806 6.22056
2807 6.22056
2808 6.22056
2809 6.22056
2810 6.22056
2811 6.22056
2812 6.22056
2813 6.22056
2814 6.22056
2815 6.22056
2816 6.22056
2817 6.22056
2818 6.22056
2819 6.22056
2820 6.22056
2821 6.22056
2822 6.22056
2823 6.22056
2824 6.22056
2825 6.22056
2826 6.22056
2827 6.22056
2828 6.22056
2829 6.22056
2830 6.22056
2831 6.22056
2832 6.22056
2833 6.22056
2834 6.22056
2835 6.22056
2836 6.22056
2837 6.22056
2838 6.22056
2839 6.22056
2840 6.22056
2841 6.22056
2842 6.22056
2843 6.22056
2844 6.22056
2845 6.22056
2846 6.22056
2847 6.22056
2848 6.22056
2849 6.22056
2850 6.22056
2851 6.22056
2852 6.22056
2853 6.22056
2854 6.22056
2855 6.22056
2856 6.22056
2857 6.22056
2858 6.22056
2859 6.22056
2860 6.22056
2861 6.22056
2862 6.22056
2863 6.22056
2864 6.22056
2865 6.22056
2866 6.22056
2867 6.22056
2868 6.22056
2869 6.22056
2870 6.22056
2871 6.22056
2872 6.22056
2873 6.22056
2874 6.22056
2875 6.22056
2876 6.22056
2877 6.22056
2878 6.22056
2879 6.22056
2880 6.22056
2881 6.22056
2882 6.22056
2883 6.22056
2884 6.22056
2885 6.22056
2886 6.22056
2887 6.22056
2888 6.22056
2889 6.22056
2890 6.22056
2891 6.22056
2892 6.22056
2893 6.22056
2894 6.22056
2895 6.22056
2896 6.22056
2897 6.22056
2898 6.22056
2899 6.22056
2900 6.22056
2901 6.22056
2902 6.22056
2903 6.22056
2904 6.22056
2905 6.22056
2906 6.22056
2907 6.22056
2908 6.22056
2909 6.22056
2910 6.22056
2911 6.22056
2912 6.22056
2913 6.22056
2914 6.22056
2915 6.22056
2916 6.22056
2917 6.22056
2918 6.22056
2919 6.22056
2920 6.22056
2921 6.22056
2922 6.22056
2923 6.22056
2924 6.22056
2925 6.22056
2926 6.22056
2927 6.22056
2928 6.22056
2929 6.22056
2930 6.22056
2931 6.22056
2932 6.22056
2933 6.22056
2934 6.22056
2935 6.22056
2936 6.22056
2937 6.22056
2938 6.22056
2939 6.22056
2940 6.22056
2941 6.22056
2942 6.22056
2943 6.22056
2944 6.22056
2945 6.22056
2946 6.22056
2947 6.22056
2948 6.22056
2949 6.22056
2950 6.22056
2951 6.22056
2952 6.22056
2953 6.22056
2954 6.22056
2955 6.22056
2956 6.22056
2957 6.22056
2958 6.22056
2959 6.22056
2960 6.22056
2961 6.22056
2962 6.22056
2963 6.22056
2964 6.22056
2965 6.22056
2966 6.22056
2967 6.22056
2968 6.22056
2969 6.22056
2970 6.22056
2971 6.22056
2972 6.22056
2973 6.22056
2974 6.22056
2975 6.22056
2976 6.22056
2977 6.22056
2978 6.22056
2979 6.22056
2980 6.22056
2981 6.22056
2982 6.22056
2983 6.22056
2984 6.22056
2985 6.22056
2986 6.22056
2987 6.22056
2988 6.22056
2989 6.22056
2990 6.22056
2991 6.22056
2992 6.22056
2993 6.22056
2994 6.22056
2995 6.22056
2996 6.22056
2997 6.22056
2998 6.22056
2999 6.22056
3000 6.22056
3001 6.22056
3002 6.22056
3003 6.22056
3004 6.22056
3005 6.22056
3006 6.22056
3007 6.22056
3008 6.22056
3009 6.22056
3010 6.22056
3011 6.22056
3012 6.22056
3013 6.22056
3014 6.22056
3015 6.22056
3016 6.22056
3017 6.22056
3018 6.22056
3019 6.22056
3020 6.22056
3021 6.22056
3022 6.22056
3023 6.22056
3024 6.22056
3025 6.22056
3026 6.22056
3027 6.22056
3028 6.22056
3029 6.22056
3030 6.22056
3031 6.22056
3032 6.22056
3033 6.22056
3034 6.22056
3035 6.22056
3036 6.22056
3037 6.22056
3038 6.22056
3039 6.22056
3040 6.22056
3041 6.22056
3042 6.22056
3043 6.22056
3044 6.22056
3045 6.22056
3046 6.22056
3047 6.22056
3048 6.22056
3049 6.22056
3050 6.22056
3051 6.22056
3052 6.22056
3053 6.22056
3054 6.22056
3055 6.22056
3056 6.22056
3057 6.22056
3058 6.22056
3059 6.22056
3060 6.22056
3061 6.22056
3062 6.22056
3063 6.22056
3064 6.22056
3065 6.22056
3066 6.22056
3067 6.22056
3068 6.22056
3069 6.22056
3070 6.22056
3071 6.22056
3072 6.22056
3073 6.22056
3074 6.22056
3075 6.22056
3076 6.22056
3077 6.22056
3078 6.22056
3079 6.22056
3080 6.22056
3081 6.22056
3082 6.22056
3083 6.22056
3084 6.22056
3085 6.22056
3086 6.22056
3087 6.22056
3088 6.22056
3089 6.22056
3090 6.22056
3091 6.22056
3092 6.22056
3093 6.22056
3094 6.22056
3095 6.22056
3096 6.22056
3097 6.22056
3098 6.22056
3099 6.22056
3100 6.22056
3101 6.22056
3102 6.22056
3103 6.22056
3104 6.22056
3105 6.22056
3106 6.22056
3107 6.22056
3108 6.22056
3109 6.22056
3110 6.22056
3111 6.22056
3112 6.22056
3113 6.22056
3114 6.22056
3115 6.22056
3116 6.22056
3117 6.22056
3118 6.22056
3119 6.22056
3120 6.22056
3121 6.22056
3122 6.22056
3123 6.22056
3124 6.22056
3125 6.22056
3126 6.22056
3127 6.22056
3128 6.22056
3129 6.22056
3130 6.22056
3131 6.22056
3132 6.22056
3133 6.22056
3134 6.22056
3135 6.22056
3136 6.22056
3137 6.22056
3138 6.22056
3139 6.22056
3140 6.22056
3141 6.22056
3142 6.22056
3143 6.22056
3144 6.22056
3145 6.22056
3146 6.22056
3147 6.22056
3148 6.22056
3149 6.22056
3150 6.22056
3151 6.22056
3152 6.22056
3153 6.22056
3154 6.22056
3155 6.22056
3156 6.22056
3157 6.22056
3158 6.22056
3159 6.22056
3160 6.22056
3161 6.22056
3162 6.22056
3163 6.22056
3164 6.22056
3165 6.22056
3166 6.22056
3167 6.22056
3168 6.22056
3169 6.22056
3170 6.22056
3171 6.22056
3172 6.22056
3173 6.22056
3174 6.22056
3175 6.22056
3176 6.22056
3177 6.22056
3178 6.22056
3179 6.22056
3180 6.22056
3181 6.22056
3182 6.22056
3183 6.22056
3184 6.22056
3185 6.22056
3186 6.22056
3187 6.22056
3188 6.22056
3189 6.22056
3190 6.22056
3191 6.22056
3192 6.22056
3193 6.22056
3194 6.22056
3195 6.22056
3196 6.22056
3197 6.22056
3198 6.22056
3199 6.22056
3200 6.22056
3201 6.22056
3202 6.22056
3203 6.22056
3204 6.22056
3205 6.22056
3206 6.22056
3207 6.22056
3208 6.22056
3209 6.22056
3210 6.22056
3211 6.22056
3212 6.22056
3213 6.22056
3214 6.22056
3215 6.22056
3216 6.22056
3217 6.22056
3218 6.22056
3219 6.22056
3220 6.22056
3221 6.22056
3222 6.22056
3223 6.22056
3224 6.22056
3225 6.22056
3226 6.22056
3227 6.22056
3228 6.22056
3229 6.22056
3230 6.22056
3231 6.22056
3232 6.22056
3233 6.22056
3234 6.22056
3235 6.22056
3236 6.22056
3237 6.22056
3238 6.22056
3239 6.22056
3240 6.22056
3241 6.22056
3242 6.22056
3243 6.22056
3244 6.22056
3245 6.22056
3246 6.22056
3247 6.22056
3248 6.22056
3249 6.22056
3250 6.22056
3251 6.22056
3252 6.22056
3253 6.22056
3254 6.22056
3255 6.22056
3256 6.22056
3257 6.22056
3258 6.22056
3259 6.22056
3260 6.22056
3261 6.22056
3262 6.22056
3263 6.22056
3264 6.22056
3265 6.22056
3266 6.22056
3267 6.22056
3268 6.22056
3269 6.22056
3270 6.22056
3271 6.22056
3272 6.22056
3273 6.22056
3274 6.22056
3275 6.22056
3276 6.22056
3277 6.22056
3278 6.22056
3279 6.22056
3280 6.22056
3281 6.22056
3282 6.22056
3283 6.22056
3284 6.22056
3285 6.22056
3286 6.22056
3287 6.22056
3288 6.22056
3289 6.22056
3290 6.22056
3291 6.22056
3292 6.22056
3293 6.22056
3294 6.22056
3295 6.22056
3296 6.22056
3297 6.22056
3298 6.22056
3299 6.22056
3300 6.22056
3301 6.22056
3302 6.22056
3303 6.22056
3304 6.22056
3305 6.22056
3306 6.22056
3307 6.22056
3308 6.22056
3309 6.22056
3310 6.22056
3311 6.22056
3312 6.22056
3313 6.22056
3314 6.22056
3315 6.22056
3316 6.22056
3317 6.22056
3318 6.22056
3319 6.22056
3320 6.22056
3321 6.22056
3322 6.22056
3323 6.22056
3324 6.22056
3325 6.22056
3326 6.22056
3327 6.22056
3328 6.22056
3329 6.22056
3330 6.22056
3331 6.22056
3332 6.22056
3333 6.22056
3334 6.22056
3335 6.22056
3336 6.22056
3337 6.22056
3338 6.22056
3339 6.22056
3340 6.22056
3341 6.22056
3342 6.22056
3343 6.22056
3344 6.22056
3345 6.22056
3346 6.22056
3347 6.22056
3348 6.22056
3349 6.22056
3350 6.22056
3351 6.22056
3352 6.22056
3353 6.22056
3354 6.22056
3355 6.22056
3356 6.22056
3357 6.22056
3358 6.22056
3359 6.22056
3360 6.22056
3361 6.22056
3362 6.22056
3363 6.22056
3364 6.22056
3365 6.22056
3366 6.22056
3367 6.22056
3368 6.22056
3369 6.22056
3370 6.22056
3371 6.22056
3372 6.22056
3373 6.22056
3374 6.22056
3375 6.22056
3376 6.22056
3377 6.22056
3378 6.22056
3379 6.22056
3380 6.22056
3381 6.22056
3382 6.22056
3383 6.22056
3384 6.22056
3385 6.22056
3386 6.22056
3387 6.22056
3388 6.22056
3389 6.22056
3390 6.22056
3391 6.22056
3392 6.22056
3393 6.22056
3394 6.22056
3395 6.22056
3396 6.22056
3397 6.22056
3398 6.22056
3399 6.22056
3400 6.22056
3401 6.22056
3402 6.22056
3403 6.22056
3404 6.22056
3405 6.22056
3406 6.22056
3407 6.22056
3408 6.22056
3409 6.22056
3410 6.22056
3411 6.22056
3412 6.22056
3413 6.22056
3414 6.22056
3415 6.22056
3416 6.22056
3417 6.22056
3418 6.22056
3419 6.22056
3420 6.22056
3421 6.22056
3422 6.22056
3423 6.22056
3424 6.22056
3425 6.22056
3426 6.22056
3427 6.22056
3428 6.22056
3429 6.22056
3430 6.22056
3431 6.22056
3432 6.22056
3433 6.22056
3434 6.22056
3435 6.22056
3436 6.22056
3437 6.22056
3438 6.22056
3439 6.22056
3440 6.22056
3441 6.22056
3442 6.22056
3443 6.22056
3444 6.22056
3445 6.22056
3446 6.22056
3447 6.22056
3448 6.22056
3449 6.22056
3450 6.22056
3451 6.22056
3452 6.22056
3453 6.22056
3454 6.22056
3455 6.22056
3456 6.22056
3457 6.22056
3458 6.22056
3459 6.22056
3460 6.22056
3461 6.22056
3462 6.22056
3463 6.22056
3464 6.22056
3465 6.22056
3466 6.22056
3467 6.22056
3468 6.22056
3469 6.22056
3470 6.22056
3471 6.22056
3472 6.22056
3473 6.22056
3474 6.22056
3475 6.22056
3476 6.22056
3477 6.22056
3478 6.22056
3479 6.22056
3480 6.22056
3481 6.22056
3482 6.22056
3483 6.22056
3484 6.22056
3485 6.22056
3486 6.22056
3487 6.22056
3488 6.22056
3489 6.22056
3490 6.22056
3491 6.22056
3492 6.22056
3493 6.22056
3494 6.22056
3495 6.22056
3496 6.22056
3497 6.22056
3498 6.22056
3499 6.22056
3500 6.22056
3501 6.22056
3502 6.22056
3503 6.22056
3504 6.22056
3505 6.22056
3506 6.22056
3507 6.22056
3508 6.22056
3509 6.22056
3510 6.22056
3511 6.22056
3512 6.22056
3513 6.22056
3514 6.22056
3515 6.22056
3516 6.22056
3517 6.22056
3518 6.22056
3519 6.22056
3520 6.22056
3521 6.22056
3522 6.22056
3523 6.22056
3524 6.22056
3525 6.22056
3526 6.22056
3527 6.22056
3528 6.22056
3529 6.22056
3530 6.22056
3531 6.22056
3532 6.22056
3533 6.22056
3534 6.22056
3535 6.22056
3536 6.22056
3537 6.22056
3538 6.22056
3539 6.22056
3540 6.22056
3541 6.22056
3542 6.22056
3543 6.22056
3544 6.22056
3545 6.22056
3546 6.22056
3547 6.22056
3548 6.22056
3549 6.22056
3550 6.22056
3551 6.22056
3552 6.22056
3553 6.22056
3554 6.22056
3555 6.22056
3556 6.22056
3557 6.22056
3558 6.22056
3559 6.22056
3560 6.22056
3561 6.22056
3562 6.22056
3563 6.22056
3564 6.22056
3565 6.22056
3566 6.22056
3567 6.22056
3568 6.22056
3569 6.22056
3570 6.22056
3571 6.22056
3572 6.22056
3573 6.22056
3574 6.22056
3575 6.22056
3576 6.22056
3577 6.22056
3578 6.22056
3579 6.22056
3580 6.22056
3581 6.22056
3582 6.22056
3583 6.22056
3584 6.22056
3585 6.22056
3586 6.22056
3587 6.22056
3588 6.22056
3589 6.22056
3590 6.22056
3591 6.22056
3592 6.22056
3593 6.22056
3594 6.22056
3595 6.22056
3596 6.22056
3597 6.22056
3598 6.22056
3599 6.22056
3600 6.22056
3601 6.22056
3602 6.22056
3603 6.22056
3604 6.22056
3605 6.22056
3606 6.22056
3607 6.22056
3608 6.22056
3609 6.22056
3610 6.22056
3611 6.22056
3612 6.22056
3613 6.22056
3614 6.22056
3615 6.22056
3616 6.22056
3617 6.22056
3618 6.22056
3619 6.22056
3620 6.22056
3621 6.22056
3622 6.22056
3623 6.22056
3624 6.22056
3625 6.22056
3626 6.22056
3627 6.22056
3628 6.22056
3629 6.22056
3630 6.22056
3631 6.22056
3632 6.22056
3633 6.22056
3634 6.22056
3635 6.22056
3636 6.22056
3637 6.22056
3638 6.22056
3639 6.22056
3640 6.22056
3641 6.22056
3642 6.22056
3643 6.22056
3644 6.22056
3645 6.22056
3646 6.22056
3647 6.22056
3648 6.22056
3649 6.22056
3650 6.22056
3651 6.22056
3652 6.22056
3653 6.22056
3654 6.22056
3655 6.22056
3656 6.22056
3657 6.22056
3658 6.22056
3659 6.22056
3660 6.22056
3661 6.22056
3662 6.22056
3663 6.22056
3664 6.22056
3665 6.22056
3666 6.22056
3667 6.22056
3668 6.22056
3669 6.22056
3670 6.22056
3671 6.22056
3672 6.22056
3673 6.22056
3674 6.22056
3675 6.22056
3676 6.22056
3677 6.22056
3678 6.22056
3679 6.22056
3680 6.22056
3681 6.22056
3682 6.22056
3683 6.22056
3684 6.22056
3685 6.22056
3686 6.22056
3687 6.22056
3688 6.22056
3689 6.22056
3690 6.22056
3691 6.22056
3692 6.22056
3693 6.22056
3694 6.22056
3695 6.22056
3696 6.22056
3697 6.22056
3698 6.22056
3699 6.22056
3700 6.22056
3701 6.22056
3702 6.22056
3703 6.22056
3704 6.22056
3705 6.22056
3706 6.22056
3707 6.22056
3708 6.22056
3709 6.22056
3710 6.22056
3711 6.22056
3712 6.22056
3713 6.22056
3714 6.22056
3715 6.22056
3716 6.22056
3717 6.22056
3718 6.22056
3719 6.22056
3720 6.22056
3721 6.22056
3722 6.22056
3723 6.22056
3724 6.22056
3725 6.22056
3726 6.22056
3727 6.22056
3728 6.22056
3729 6.22056
3730 6.22056
3731 6.22056
3732 6.22056
3733 6.22056
3734 6.22056
3735 6.22056
3736 6.22056
3737 6.22056
3738 6.22056
3739 6.22056
3740 6.22056
3741 6.22056
3742 6.22056
3743 6.22056
3744 6.22056
3745 6.22056
3746 6.22056
3747 6.22056
3748 6.22056
3749 6.22056
3750 6.22056
3751 6.22056
3752 6.22056
3753 6.22056
3754 6.22056
3755 6.22056
3756 6.22056
3757 6.22056
3758 6.22056
3759 6.22056
3760 6.22056
3761 6.22056
3762 6.22056
3763 6.22056
3764 6.22056
3765 6.22056
3766 6.22056
3767 6.22056
3768 6.22056
3769 6.22056
3770 6.22056
3771 6.22056
3772 6.22056
3773 6.22056
3774 6.22056
3775 6.22056
3776 6.22056
3777 6.22056
3778 6.22056
3779 6.22056
3780 6.22056
3781 6.22056
3782 6.22056
3783 6.22056
3784 6.22056
3785 6.22056
3786 6.22056
3787 6.22056
3788 6.22056
3789 6.22056
3790 6.22056
3791 6.22056
3792 6.22056
3793 6.22056
3794 6.22056
3795 6.22056
3796 6.22056
3797 6.22056
3798 6.22056
3799 6.22056
3800 6.22056
3801 6.22056
3802 6.22056
3803 6.22056
3804 6.22056
3805 6.22056
3806 6.22056
3807 6.22056
3808 6.22056
3809 6.22056
3810 6.22056
3811 6.22056
3812 6.22056
3813 6.22056
3814 6.22056
3815 6.22056
3816 6.22056
3817 6.22056
3818 6.22056
3819 6.22056
3820 6.22056
3821 6.22056
3822 6.22056
3823 6.22056
3824 6.22056
3825 6.22056
3826 6.22056
3827 6.22056
3828 6.22056
3829 6.22056
3830 6.22056
3831 6.22056
3832 6.22056
3833 6.22056
3834 6.22056
3835 6.22056
3836 6.22056
3837 6.22056
3838 6.22056
3839 6.22056
3840 6.22056
3841 6.22056
3842 6.22056
3843 6.22056
3844 6.22056
3845 6.22056
3846 6.22056
3847 6.22056
3848 6.22056
3849 6.22056
3850 6.22056
3851 6.22056
3852 6.22056
3853 6.22056
3854 6.22056
3855 6.22056
3856 6.22056
3857 6.22056
3858 6.22056
3859 6.22056
3860 6.22056
3861 6.22056
3862 6.22056
3863 6.22056
3864 6.22056
3865 6.22056
3866 6.22056
3867 6.22056
3868 6.22056
3869 6.22056
3870 6.22056
3871 6.22056
3872 6.22056
3873 6.22056
3874 6.22056
3875 6.22056
3876 6.22056
3877 6.22056
3878 6.22056
3879 6.22056
3880 6.22056
3881 6.22056
3882 6.22056
3883 6.22056
3884 6.22056
3885 6.22056
3886 6.22056
3887 6.22056
3888 6.22056
3889 6.22056
3890 6.22056
3891 6.22056
3892 6.22056
3893 6.22056
3894 6.22056
3895 6.22056
3896 6.22056
3897 6.22056
3898 6.22056
3899 6.22056
3900 6.22056
3901 6.22056
3902 6.22056
3903 6.22056
3904 6.22056
3905 6.22056
3906 6.22056
3907 6.22056
3908 6.22056
3909 6.22056
3910 6.22056
3911 6.22056
3912 6.22056
3913 6.22056
3914 6.22056
3915 6.22056
3916 6.22056
3917 6.22056
3918 6.22056
3919 6.22056
3920 6.22056
3921 6.22056
3922 6.22056
3923 6.22056
3924 6.22056
3925 6.22056
3926 6.22056
3927 6.22056
3928 6.22056
3929 6.22056
3930 6.22056
3931 6.22056
3932 6.22056
3933 6.22056
3934 6.22056
3935 6.22056
3936 6.22056
3937 6.22056
3938 6.22056
3939 6.22056
3940 6.22056
3941 6.22056
3942 6.22056
3943 6.22056
3944 6.22056
3945 6.22056
3946 6.22056
3947 6.22056
3948 6.22056
3949 6.22056
3950 6.22056
3951 6.22056
3952 6.22056
3953 6.22056
3954 6.22056
3955 6.22056
3956 6.22056
3957 6.22056
3958 6.22056
3959 6.22056
3960 6.22056
3961 6.22056
3962 6.22056
3963 6.22056
3964 6.22056
3965 6.22056
3966 6.22056
3967 6.22056
3968 6.22056
3969 6.22056
3970 6.22056
3971 6.22056
3972 6.22056
3973 6.22056
3974 6.22056
3975 6.22056
3976 6.22056
3977 6.22056
3978 6.22056
3979 6.22056
3980 6.22056
3981 6.22056
3982 6.22056
3983 6.22056
3984 6.22056
3985 6.22056
3986 6.22056
3987 6.22056
3988 6.22056
3989 6.22056
3990 6.22056
3991 6.22056
3992 6.22056
3993 6.22056
3994 6.22056
3995 6.22056
3996 6.22056
3997 6.22056
3998 6.22056
3999 6.22056
4000 6.22056
4001 6.22056
4002 6.22056
4003 6.22056
4004 6.22056
4005 6.22056
4006 6.22056
4007 6.22056
4008 6.22056
4009 6.22056
4010 6.22056
4011 6.22056
4012 6.22056
4013 6.22056
4014 6.22056
4015 6.22056
4016 6.22056
4017 6.22056
4018 6.22056
4019 6.22056
4020 6.22056
4021 6.22056
4022 6.22056
4023 6.22056
4024 6.22056
4025 6.22056
4026 6.22056
4027 6.22056
4028 6.22056
4029 6.22056
4030 6.22056
4031 6.22056
4032 6.22056
4033 6.22056
4034 6.22056
4035 6.22056
4036 6.22056
4037 6.22056
4038 6.22056
4039 6.22056
4040 6.22056
4041 6.22056
4042 6.22056
4043 6.22056
4044 6.22056
4045 6.22056
4046 6.22056
4047 6.22056
4048 6.22056
4049 6.22056
4050 6.22056
4051 6.22056
4052 6.22056
4053 6.22056
4054 6.22056
4055 6.22056
4056 6.22056
4057 6.22056
4058 6.22056
4059 6.22056
4060 6.22056
4061 6.22056
4062 6.22056
4063 6.22056
4064 6.22056
4065 6.22056
4066 6.22056
4067 6.22056
4068 6.22056
4069 6.22056
4070 6.22056
4071 6.22056
4072 6.22056
4073 6.22056
4074 6.22056
4075 6.22056
4076 6.22056
4077 6.22056
4078 6.22056
4079 6.22056
4080 6.22056
4081 6.22056
4082 6.22056
4083 6.22056
4084 6.22056
4085 6.22056
4086 6.22056
4087 6.22056
4088 6.22056
4089 6.22056
4090 6.22056
4091 6.22056
4092 6.22056
4093 6.22056
4094 6.22056
4095 6.22056
4096 6.22056
4097 6.22056
4098 6.22056
4099 6.22056
4100 6.22056
4101 6.22056
4102 6.22056
4103 6.22056
4104 6.22056
4105 6.22056
4106 6.22056
4107 6.22056
4108 6.22056
4109 6.22056
4110 6.22056
4111 6.22056
4112 6.22056
4113 6.22056
4114 6.22056
4115 6.22056
4116 6.22056
4117 6.22056
4118 6.22056
4119 6.22056
4120 6.22056
4121 6.22056
4122 6.22056
4123 6.22056
4124 6.22056
4125 6.22056
4126 6.22056
4127 6.22056
4128 6.22056
4129 6.22056
4130 6.22056
4131 6.22056
4132 6.22056
4133 6.22056
4134 6.22056
4135 6.22056
4136 6.22056
4137 6.22056
4138 6.22056
4139 6.22056
4140 6.22056
4141 6.22056
4142 6.22056
4143 6.22056
4144 6.22056
4145 6.22056
4146 6.22056
4147 6.22056
4148 6.22056
4149 6.22056
4150 6.22056
4151 6.22056
4152 6.22056
4153 6.22056
4154 6.22056
4155 6.22056
4156 6.22056
4157 6.22056
4158 6.22056
4159 6.22056
4160 6.22056
4161 6.22056
4162 6.22056
4163 6.22056
4164 6.22056
4165 6.22056
4166 6.22056
4167 6.22056
4168 6.22056
4169 6.22056
4170 6.22056
4171 6.22056
4172 6.22056
4173 6.22056
4174 6.22056
4175 6.22056
4176 6.22056
4177 6.22056
4178 6.22056
4179 6.22056
4180 6.22056
4181 6.22056
4182 6.22056
4183 6.22056
4184 6.22056
4185 6.22056
4186 6.22056
4187 6.22056
4188 6.22056
4189 6.22056
4190 6.22056
4191 6.22056
4192 6.22056
4193 6.22056
4194 6.22056
4195 6.22056
4196 6.22056
4197 6.22056
4198 6.22056
4199 6.22056
4200 6.22056
4201 6.22056
4202 6.22056
4203 6.22056
4204 6.22056
4205 6.22056
4206 6.22056
4207 6.22056
4208 6.22056
4209 6.22056
4210 6.22056
4211 6.22056
4212 6.22056
4213 6.22056
4214 6.22056
4215 6.22056
4216 6.22056
4217 6.22056
4218 6.22056
4219 6.22056
4220 6.22056
4221 6.22056
4222 6.22056
4223 6.22056
4224 6.22056
4225 6.22056
4226 6.22056
4227 6.22056
4228 6.22056
4229 6.22056
4230 6.22056
4231 6.22056
4232 6.22056
4233 6.22056
4234 6.22056
4235 6.22056
4236 6.22056
4237 6.22056
4238 6.22056
4239 6.22056
4240 6.22056
4241 6.22056
4242 6.22056
4243 6.22056
4244 6.22056
4245 6.22056
4246 6.22056
4247 6.22056
4248 6.22056
4249 6.22056
4250 6.22056
4251 6.22056
4252 6.22056
4253 6.22056
4254 6.22056
4255 6.22056
4256 6.22056
4257 6.22056
4258 6.22056
4259 6.22056
4260 6.22056
4261 6.22056
4262 6.22056
4263 6.22056
4264 6.22056
4265 6.22056
4266 6.22056
4267 6.22056
4268 6.22056
4269 6.22056
4270 6.22056
4271 6.22056
4272 6.22056
4273 6.22056
4274 6.22056
4275 6.22056
4276 6.22056
4277 6.22056
4278 6.22056
4279 6.22056
4280 6.22056
4281 6.22056
4282 6.22056
4283 6.22056
4284 6.22056
4285 6.22056
4286 6.22056
4287 6.22056
4288 6.22056
4289 6.22056
4290 6.22056
4291 6.22056
4292 6.22056
4293 6.22056
4294 6.22056
4295 6.22056
4296 6.22056
4297 6.22056
4298 6.22056
4299 6.22056
4300 6.22056
4301 6.22056
4302 6.22056
4303 6.22056
4304 6.22056
4305 6.22056
4306 6.22056
4307 6.22056
4308 6.22056
4309 6.22056
4310 6.22056
4311 6.22056
4312 6.22056
4313 6.22056
4314 6.22056
4315 6.22056
4316 6.22056
4317 6.22056
4318 6.22056
4319 6.22056
4320 6.22056
4321 6.22056
4322 6.22056
4323 6.22056
4324 6.22056
4325 6.22056
4326 6.22056
4327 6.22056
4328 6.22056
4329 6.22056
4330 6.22056
4331 6.22056
4332 6.22056
4333 6.22056
4334 6.22056
4335 6.22056
4336 6.22056
4337 6.22056
4338 6.22056
4339 6.22056
4340 6.22056
4341 6.22056
4342 6.22056
4343 6.22056
4344 6.22056
4345 6.22056
4346 6.22056
4347 6.22056
4348 6.22056
4349 6.22056
4350 6.22056
4351 6.22056
4352 6.22056
4353 6.22056
4354 6.22056
4355 6.22056
4356 6.22056
4357 6.22056
4358 6.22056
4359 6.22056
4360 6.22056
4361 6.22056
4362 6.22056
4363 6.22056
4364 6.22056
4365 6.22056
4366 6.22056
4367 6.22056
4368 6.22056
4369 6.22056
4370 6.22056
4371 6.22056
4372 6.22056
4373 6.22056
4374 6.22056
4375 6.22056
4376 6.22056
4377 6.22056
4378 6.22056
4379 6.22056
4380 6.22056
4381 6.22056
4382 6.22056
4383 6.22056
4384 6.22056
4385 6.22056
4386 6.22056
4387 6.22056
4388 6.22056
4389 6.22056
4390 6.22056
4391 6.22056
4392 6.22056
4393 6.22056
4394 6.22056
4395 6.22056
4396 6.22056
4397 6.22056
4398 6.22056
4399 6.22056
4400 6.22056
4401 6.22056
4402 6.22056
4403 6.22056
4404 6.22056
4405 6.22056
4406 6.22056
4407 6.22056
4408 6.22056
4409 6.22056
4410 6.22056
4411 6.22056
4412 6.22056
4413 6.22056
4414 6.22056
4415 6.22056
4416 6.22056
4417 6.22056
4418 6.22056
4419 6.22056
4420 6.22056
4421 6.22056
4422 6.22056
4423 6.22056
4424 6.22056
4425 6.22056
4426 6.22056
4427 6.22056
4428 6.22056
4429 6.22056
4430 6.22056
4431 6.22056
4432 6.22056
4433 6.22056
4434 6.22056
4435 6.22056
4436 6.22056
4437 6.22056
4438 6.22056
4439 6.22056
4440 6.22056
4441 6.22056
4442 6.22056
4443 6.22056
4444 6.22056
4445 6.22056
4446 6.22056
4447 6.22056
4448 6.22056
4449 6.22056
4450 6.22056
4451 6.22056
4452 6.22056
4453 6.22056
4454 6.22056
4455 6.22056
4456 6.22056
4457 6.22056
4458 6.22056
4459 6.22056
4460 6.22056
4461 6.22056
4462 6.22056
4463 6.22056
4464 6.22056
4465 6.22056
4466 6.22056
4467 6.22056
4468 6.22056
4469 6.22056
4470 6.22056
4471 6.22056
4472 6.22056
4473 6.22056
4474 6.22056
4475 6.22056
4476 6.22056
4477 6.22056
4478 6.22056
4479 6.22056
4480 6.22056
4481 6.22056
4482 6.22056
4483 6.22056
4484 6.22056
4485 6.22056
4486 6.22056
4487 6.22056
4488 6.22056
4489 6.22056
4490 6.22056
4491 6.22056
4492 6.22056
4493 6.22056
4494 6.22056
4495 6.22056
4496 6.22056
4497 6.22056
4498 6.22056
4499 6.22056
4500 6.22056
4501 6.22056
4502 6.22056
4503 6.22056
4504 6.22056
4505 6.22056
4506 6.22056
4507 6.22056
4508 6.22056
4509 6.22056
4510 6.22056
4511 6.22056
4512 6.22056
4513 6.22056
4514 6.22056
4515 6.22056
4516 6.22056
4517 6.22056
4518 6.22056
4519 6.22056
4520 6.22056
4521 6.22056
4522 6.22056
4523 6.22056
4524 6.22056
4525 6.22056
4526 6.22056
4527 6.22056
4528 6.22056
4529 6.22056
4530 6.22056
4531 6.22056
4532 6.22056
4533 6.22056
4534 6.22056
4535 6.22056
4536 6.22056
4537 6.22056
4538 6.22056
4539 6.22056
4540 6.22056
4541 6.22056
4542 6.22056
4543 6.22056
4544 6.22056
4545 6.22056
4546 6.22056
4547 6.22056
4548 6.22056
4549 6.22056
4550 6.22056
4551 6.22056
4552 6.22056
4553 6.22056
4554 6.22056
4555 6.22056
4556 6.22056
4557 6.22056
4558 6.22056
4559 6.22056
4560 6.22056
4561 6.22056
4562 6.22056
4563 6.22056
4564 6.22056
4565 6.22056
4566 6.22056
4567 6.22056
4568 6.22056
4569 6.22056
4570 6.22056
4571 6.22056
4572 6.22056
4573 6.22056
4574 6.22056
4575 6.22056
4576 6.22056
4577 6.22056
4578 6.22056
4579 6.22056
4580 6.22056
4581 6.22056
4582 6.22056
4583 6.22056
4584 6.22056
4585 6.22056
4586 6.22056
4587 6.22056
4588 6.22056
4589 6.22056
4590 6.22056
4591 6.22056
4592 6.22056
4593 6.22056
4594 6.22056
4595 6.22056
4596 6.22056
4597 6.22056
4598 6.22056
4599 6.22056
4600 6.22056
4601 6.22056
4602 6.22056
4603 6.22056
4604 6.22056
4605 6.22056
4606 6.22056
4607 6.22056
4608 6.22056
4609 6.22056
4610 6.22056
4611 6.22056
4612 6.22056
4613 6.22056
4614 6.22056
4615 6.22056
4616 6.22056
4617 6.22056
4618 6.22056
4619 6.22056
4620 6.22056
4621 6.22056
4622 6.22056
4623 6.22056
4624 6.22056
4625 6.22056
4626 6.22056
4627 6.22056
4628 6.22056
4629 6.22056
4630 6.22056
4631 6.22056
4632 6.22056
4633 6.22056
4634 6.22056
4635 6.22056
4636 6.22056
4637 6.22056
4638 6.22056
4639 6.22056
4640 6.22056
4641 6.22056
4642 6.22056
4643 6.22056
4644 6.22056
4645 6.22056
4646 6.22056
4647 6.22056
4648 6.22056
4649 6.22056
4650 6.22056
4651 6.22056
4652 6.22056
4653 6.22056
4654 6.22056
4655 6.22056
4656 6.22056
4657 6.22056
4658 6.22056
4659 6.22056
4660 6.22056
4661 6.22056
4662 6.22056
4663 6.22056
4664 6.22056
4665 6.22056
4666 6.22056
4667 6.22056
4668 6.22056
4669 6.22056
4670 6.22056
4671 6.22056
4672 6.22056
4673 6.22056
4674 6.22056
4675 6.22056
4676 6.22056
4677 6.22056
4678 6.22056
4679 6.22056
4680 6.22056
4681 6.22056
4682 6.22056
4683 6.22056
4684 6.22056
4685 6.22056
4686 6.22056
4687 6.22056
4688 6.22056
4689 6.22056
4690 6.22056
4691 6.22056
4692 6.22056
4693 6.22056
4694 6.22056
4695 6.22056
4696 6.22056
4697 6.22056
4698 6.22056
4699 6.22056
4700 6.22056
4701 6.22056
4702 6.22056
4703 6.22056
4704 6.22056
4705 6.22056
4706 6.22056
4707 6.22056
4708 6.22056
4709 6.22056
4710 6.22056
4711 6.22056
4712 6.22056
4713 6.22056
4714 6.22056
4715 6.22056
4716 6.22056
4717 6.22056
4718 6.22056
4719 6.22056
4720 6.22056
4721 6.22056
4722 6.22056
4723 6.22056
4724 6.22056
4725 6.22056
4726 6.22056
4727 6.22056
4728 6.22056
4729 6.22056
4730 6.22056
4731 6.22056
4732 6.22056
4733 6.22056
4734 6.22056
4735 6.22056
4736 6.22056
4737 6.22056
4738 6.22056
4739 6.22056
4740 6.22056
4741 6.22056
4742 6.22056
4743 6.22056
4744 6.22056
4745 6.22056
4746 6.22056
4747 6.22056
4748 6.22056
4749 6.22056
4750 6.22056
4751 6.22056
4752 6.22056
4753 6.22056
4754 6.22056
4755 6.22056
4756 6.22056
4757 6.22056
4758 6.22056
4759 6.22056
4760 6.22056
4761 6.22056
4762 6.22056
4763 6.22056
4764 6.22056
4765 6.22056
4766 6.22056
4767 6.22056
4768 6.22056
4769 6.22056
4770 6.22056
4771 6.22056
4772 6.22056
4773 6.22056
4774 6.22056
4775 6.22056
4776 6.22056
4777 6.22056
4778 6.22056
4779 6.22056
4780 6.22056
4781 6.22056
4782 6.22056
4783 6.22056
4784 6.22056
4785 6.22056
4786 6.22056
4787 6.22056
4788 6.22056
4789 6.22056
4790 6.22056
4791 6.22056
4792 6.22056
4793 6.22056
4794 6.22056
4795 6.22056
4796 6.22056
4797 6.22056
4798 6.22056
4799 6.22056
4800 6.22056
4801 6.22056
4802 6.22056
4803 6.22056
4804 6.22056
4805 6.22056
4806 6.22056
4807 6.22056
4808 6.22056
4809 6.22056
4810 6.22056
4811 6.22056
4812 6.22056
4813 6.22056
4814 6.22056
4815 6.22056
4816 6.22056
4817 6.22056
4818 6.22056
4819 6.22056
4820 6.22056
4821 6.22056
4822 6.22056
4823 6.22056
4824 6.22056
4825 6.22056
4826 6.22056
4827 6.22056
4828 6.22056
4829 6.22056
4830 6.22056
4831 6.22056
4832 6.22056
4833 6.22056
4834 6.22056
4835 6.22056
4836 6.22056
4837 6.22056
4838 6.22056
4839 6.22056
4840 6.22056
4841 6.22056
4842 6.22056
4843 6.22056
4844 6.22056
4845 6.22056
4846 6.22056
4847 6.22056
4848 6.22056
4849 6.22056
4850 6.22056
4851 6.22056
4852 6.22056
4853 6.22056
4854 6.22056
4855 6.22056
4856 6.22056
4857 6.22056
4858 6.22056
4859 6.22056
4860 6.22056
4861 6.22056
4862 6.22056
4863 6.22056
4864 6.22056
4865 6.22056
4866 6.22056
4867 6.22056
4868 6.22056
4869 6.22056
4870 6.22056
4871 6.22056
4872 6.22056
4873 6.22056
4874 6.22056
4875 6.22056
4876 6.22056
4877 6.22056
4878 6.22056
4879 6.22056
4880 6.22056
4881 6.22056
4882 6.22056
4883 6.22056
4884 6.22056
4885 6.22056
4886 6.22056
4887 6.22056
4888 6.22056
4889 6.22056
4890 6.22056
4891 6.22056
4892 6.22056
4893 6.22056
4894 6.22056
4895 6.22056
4896 6.22056
4897 6.22056
4898 6.22056
4899 6.22056
4900 6.22056
4901 6.22056
4902 6.22056
4903 6.22056
4904 6.22056
4905 6.22056
4906 6.22056
4907 6.22056
4908 6.22056
4909 6.22056
4910 6.22056
4911 6.22056
4912 6.22056
4913 6.22056
4914 6.22056
4915 6.22056
4916 6.22056
4917 6.22056
4918 6.22056
4919 6.22056
4920 6.22056
4921 6.22056
4922 6.22056
4923 6.22056
4924 6.22056
4925 6.22056
4926 6.22056
4927 6.22056
4928 6.22056
4929 6.22056
4930 6.22056
4931 6.22056
4932 6.22056
4933 6.22056
4934 6.22056
4935 6.22056
4936 6.22056
4937 6.22056
4938 6.22056
4939 6.22056
4940 6.22056
4941 6.22056
4942 6.22056
4943 6.22056
4944 6.22056
4945 6.22056
4946 6.22056
4947 6.22056
4948 6.22056
4949 6.22056
4950 6.22056
4951 6.22056
4952 6.22056
4953 6.22056
4954 6.22056
4955 6.22056
4956 6.22056
4957 6.22056
4958 6.22056
4959 6.22056
4960 6.22056
4961 6.22056
4962 6.22056
4963 6.22056
4964 6.22056
4965 6.22056
4966 6.22056
4967 6.22056
4968 6.22056
4969 6.22056
4970 6.22056
4971 6.22056
4972 6.22056
4973 6.22056
4974 6.22056
4975 6.22056
4976 6.22056
4977 6.22056
4978 6.22056
4979 6.22056
4980 6.22056
4981 6.22056
4982 6.22056
4983 6.22056
4984 6.22056
4985 6.22056
4986 6.22056
4987 6.22056
4988 6.22056
4989 6.22056
4990 6.22056
4991 6.22056
4992 6.22056
4993 6.22056
4994 6.22056
4995 6.22056
4996 6.22056
4997 6.22056
4998 6.22056
4999 6.22056
