0.426908   -0.0701562   0.298297
-0.251085   -0.236719   -0.353894
0.0197171   -0.15323   0.307538
-0.237402   0.147546   -0.343575
0.377611   0.490921   0.485455
-0.375977   0.0682842   0.366912
0.0918576   0.0514272   0.214473
-0.151803   -0.221712   0.201459
-0.334822   0.0932218   0.141112
-0.248816   0.314484   -0.196457
-0.390939   0.402472   -0.342378
0.202803   -0.428409   0.34004
0.364367   -0.341299   -0.143601
-0.411114   -0.349637   -0.452595
-0.149306   0.178759   0.241567
0.269155   0.197263   0.0342242
-0.190443   -0.0382136   0.308726
0.181271   0.154939   -0.46774
0.349382   0.451081   -0.261326
0.428097   0.319303   0.359822
-0.386272   0.242325   -0.495212
-0.420272   0.0355642   -0.399812
-0.47906   0.0216054   -0.155726
0.375067   -0.115171   -0.452949
-0.191767   0.161034   0.449115
-0.0630539   -0.198478   -0.211112
-0.0387135   -0.00855399   -0.324272
-0.178373   0.37505   0.375806
-0.0945272   -0.0172245   0.125425
-0.308263   -0.479521   -0.0467788
0.141566   -0.264818   -0.29092
0.377063   0.28602   -0.40675
0.480877   0.191679   -0.0370185
-0.0223233   -0.211253   -0.435515
-0.0508899   -0.40499   -0.131983
-0.445461   0.211268   -0.25636
-0.448769   -0.181298   -0.275479
-0.420229   -0.139153   0.454033
-0.459974   -0.210476   -0.0716556
-0.277848   -0.0923427   0.031256
0.146329   -0.475061   -0.190891
-0.296536   0.104955   -0.0897861
-0.0891201   -0.227776   -0.00180605
0.178259   -0.2416   0.476735
0.375644   -0.33714   -0.357217
-0.0188942   -0.405582   -0.341363
0.0220583   0.449777   0.29871
0.147734   0.116419   -0.244619
0.476219   -0.0226231   0.0507349
-0.37529   -0.337528   0.310029
0.42614   0.340209   0.125359
-0.162332   0.38297   0.150208
0.0855779   0.491192   0.0421564
-0.401578   0.464482   0.427901
-0.222984   -0.0382336   -0.476399
-0.30843   -0.313248   0.0980244
0.0666893   0.272108   0.125483
0.343647   -0.139939   -0.219528
-0.214695   -0.241948   0.405862
-0.491102   0.394772   -0.133198
-0.0273093   0.385409   -0.277035
0.340952   0.240551   -0.187791
0.106628   -0.122698   0.0866065
-0.0574762   0.185508   -0.19438
0.168557   0.335912   -0.333063
-0.346822   0.303685   0.0380609
0.373844   0.060083   -0.324086
0.0939484   0.317533   -0.0948722
-0.203739   -0.439258   0.493945
-0.0848708   -0.00683645   -0.0980293
0.0406195   -0.35312   0.18233
-0.257957   -0.273423   -0.116331
0.270905   0.189517   0.293281
0.284118   -0.00135803   0.126895
0.213337   0.352927   0.422726
0.49609   -0.435735   0.0517715
-0.116756   0.414993   -0.0549091
0.118539   -0.0995096   -0.127936
-0.219863   -0.473321   -0.250423
0.1761   -0.0437374   -0.37198
0.411804   -0.289228   0.409725
0.428627   -0.462669   0.250142
0.412134   0.10063   0.46474
0.260646   -0.192793   0.222755
0.466587   0.136108   0.216134
0.159985   -0.302131   -0.0775941
-0.36292   0.469928   0.19414
0.00746217   0.410303   -0.494447
-0.131512   0.194699   0.0230382
0.280071   -0.389353   0.109094
-0.20443   0.346385   -0.419526
0.187026   -0.441269   -0.416052
0.233687   -0.025478   0.404449
0.315321   -0.165008   0.00336108
-0.366336   0.278737   0.281883
-0.373482   -0.129059   0.240892
0.0335554   0.238324   0.365767
-0.171788   -0.42075   0.264178
0.460283   -0.249348   0.157359
-0.261837   -0.0608245   -0.235053
0.226818   0.412684   0.201624
-0.00500179   0.0177298   0.438908
-0.433283   -0.398631   -0.205936
-0.0163125   0.191085   -0.415775
-0.00878531   -0.375572   0.413379
0.0746963   0.0990283   -0.0197534
0.289122   0.428468   -0.0321882
0.293925   0.0221297   -0.085196
