0.426932   -0.0701413   0.298409
-0.251047   -0.236803   -0.353749
0.019744   -0.153208   0.307559
-0.237346   0.147637   -0.343676
0.377732   0.491061   0.4854
-0.375992   0.0682409   0.36698
0.0919923   0.0514003   0.214437
-0.151916   -0.221812   0.201495
-0.334916   0.0931446   0.141174
-0.248724   0.314538   -0.196332
-0.390867   0.402372   -0.342282
0.202934   -0.42839   0.34008
0.364408   -0.341285   -0.143614
-0.411003   -0.349866   -0.452514
-0.149236   0.178685   0.241574
0.269208   0.197291   0.0343718
-0.190556   -0.0382501   0.308691
0.181412   0.154862   -0.467896
0.34931   0.451103   -0.261289
0.428113   0.319185   0.359815
-0.386305   0.242426   -0.495096
-0.420392   0.0357237   -0.39972
-0.478993   0.0216472   -0.155479
0.375157   -0.115142   -0.453046
-0.191606   0.161006   0.44896
-0.0631205   -0.19832   -0.211226
-0.0387383   -0.0085782   -0.324227
-0.178457   0.375102   0.375805
-0.0946412   -0.017381   0.125357
-0.308262   -0.47958   -0.0467638
0.141604   -0.264794   -0.291018
0.377231   0.285981   -0.406708
0.480837   0.19173   -0.036979
-0.0222997   -0.211319   -0.435559
-0.0508284   -0.404844   -0.132179
-0.445484   0.211321   -0.256393
-0.448692   -0.181216   -0.275489
-0.420205   -0.139351   0.453982
-0.460151   -0.21043   -0.0716275
-0.277991   -0.0923093   0.0312927
0.146229   -0.475226   -0.191083
-0.296663   0.104915   -0.0898413
-0.0892226   -0.227827   -0.00179902
0.178083   -0.241614   0.476884
0.375592   -0.337078   -0.357397
-0.0190428   -0.40566   -0.341336
0.0221037   0.449742   0.298761
0.147822   0.116434   -0.244701
0.476365   -0.0225494   0.0507365
-0.375284   -0.337482   0.310192
0.425983   0.340229   0.125255
-0.162518   0.383088   0.15019
0.0857582   0.491011   0.0420043
-0.401486   0.464494   0.428004
-0.22287   -0.0382249   -0.476382
-0.308232   -0.313252   0.0980666
0.0666195   0.272208   0.125395
0.34362   -0.139967   -0.219815
-0.214612   -0.241911   0.405864
-0.490995   0.394757   -0.133144
-0.0273213   0.385311   -0.277085
0.340795   0.24054   -0.187969
0.106651   -0.122607   0.0867347
-0.0574787   0.185487   -0.194393
0.168579   0.335892   -0.332878
-0.346845   0.303585   0.0380816
0.373832   0.0601535   -0.3241
0.0940578   0.317539   -0.0949254
-0.203774   -0.439194   0.493996
-0.0847937   -0.00692783   -0.0979391
0.0407022   -0.353105   0.182316
-0.257994   -0.273421   -0.116296
0.270688   0.189738   0.293292
0.284206   -0.001532   0.126586
0.21333   0.352788   0.422793
0.496187   -0.435479   0.0517727
-0.116844   0.414958   -0.0548721
0.118544   -0.0993763   -0.127967
-0.219994   -0.473143   -0.250544
0.176152   -0.0437282   -0.371971
0.411762   -0.289465   0.409869
0.428542   -0.462666   0.250265
0.412094   0.100471   0.46469
0.260786   -0.192776   0.222754
0.466455   0.136311   0.216349
0.159988   -0.302122   -0.0775754
-0.362958   0.469915   0.194166
0.00748876   0.410327   -0.494493
-0.131411   0.194688   0.0230217
0.280167   -0.389328   0.109035
-0.204589   0.346294   -0.419546
0.187213   -0.441282   -0.415954
0.233716   -0.0254258   0.404336
0.315274   -0.165135   0.00337571
-0.366271   0.278742   0.281925
-0.37367   -0.129169   0.240851
0.0335965   0.238248   0.365722
-0.171977   -0.42074   0.264216
0.460276   -0.249341   0.157296
-0.261785   -0.0606829   -0.235167
0.226868   0.412738   0.20162
-0.0051523   0.0177691   0.438932
-0.433282   -0.398665   -0.205787
-0.0162547   0.191084   -0.415824
-0.00858052   -0.375659   0.413499
0.0747597   0.0990631   -0.0198874
0.288933   0.42859   -0.0322191
0.293703   0.0222293   -0.0851062
