99.2453 99.3398 100.459
99.1995 99.4835 100.869
99.1995 99.4835 100.869
99.7516 98.5258 100.206
99.3101 98.6175 99.2406
98.4394 99.1268 98.7069
98.4258 99.6389 98.6652
97.9416 99.1174 98.6088
98.1752 99.2784 97.7767
99.039 99.7865 97.7804
99.411 99.5252 98.0843
99.7677 98.7216 97.3262
99.9223 99.4016 96.4318
99.9223 99.4016 96.4318
100.76 100.281 97.0583
100.028 99.3883 97.4852
100.999 99.1864 97.0307
101.075 98.7508 96.9937
100.504 97.7865 96.2223
100.022 97.0674 97.0268
100.022 97.0674 97.0268
99.4248 96.3856 97.3766
99.2246 96.0393 98.3496
99.0984 95.0967 99.0411
99.0984 95.0967 99.0411
99.0984 95.0967 99.0411
99.8622 94.6776 99.6049
99.8622 94.6776 99.6049
99.3831 95.391 99.7005
99.3831 95.391 99.7005
99.0664 95.9111 98.7794
99.0664 95.9111 98.7794
98.1795 95.0667 97.9532
98.7656 94.2845 97.6459
98.6487 95.1577 98.4782
97.8045 94.6968 99.2829
98.4531 94.9891 98.6578
97.5733 94.2528 97.6837
97.5733 94.2528 97.6837
97.5733 94.2528 97.6837
97.7701 93.7497 98.2003
97.7617 94.5246 97.9183
97.7617 94.5246 97.9183
97.7617 94.5246 97.9183
96.7618 94.8377 97.511
97.0104 95.0997 96.7319
97.0104 95.0997 96.7319
97.7793 94.4784 97.6707
97.7793 94.4784 97.6707
98.0156 93.7778 97.7482
98.0959 93.5289 98.0739
97.4615 92.5461 97.9259
96.879 91.6113 97.5786
96.9042 91.55 97.6192
96.01 91.6875 98.4267
95.5951 91.8759 97.88
94.7465 91.1117 96.9137
94.0048 91.4368 96.6046
93.1315 90.4819 96.7151
93.6344 89.4873 96.4958
93.563 88.8934 97.1361
93.563 88.8934 97.1361
93.563 88.8934 97.1361
93.1965 88.8786 97.6105
92.8757 88.872 98.1348
93.0021 88.2542 98.4693
92.2592 88.6481 98.4494
92.1288 88.9719 98.4638
91.9053 88.1893 97.4941
91.3599 88.0803 97.2246
91.1754 87.2666 98.0988
91.7246 87.5865 97.3292
91.9261 87.3642 97.4649
91.9261 87.3642 97.4649
90.9459 87.0422 97.5341
90.9459 87.0422 97.5341
90.9459 87.0422 97.5341
90.7538 86.8188 96.8733
91.5039 86.4381 96.1597
91.5039 86.4381 96.1597
91.5039 86.4381 96.1597
91.3202 85.5384 96.9116
90.5991 84.6079 95.9971
90.5991 84.6079 95.9971
90.131 84.1111 96.8115
89.3333 83.6675 96.1162
89.3333 83.6675 96.1162
89.3333 83.6675 96.1162
89.1944 84.4119 95.4202
89.1944 84.4119 95.4202
89.1944 84.4119 95.4202
89.215 84.1952 95.0865
89.215 84.1952 95.0865
90.0636 84.3266 95.171
90.0636 84.3266 95.171
90.0636 84.3266 95.171
89.2709 84.8717 95.0658
89.7102 84.7041 95.086
89.1515 85.5391 94.5572
89.1515 85.5391 94.5572
88.6323 86.1067 95.3711
88.0155 85.299 96.2979
88.6931 85.4269 95.3256
89.0658 85.3168 95.6715
88.964 84.4643 96.6358
88.964 84.4643 96.6358
89.9591 84.4271 96.1744
90.6756 83.5899 95.4506
90.7913 82.8646 94.6165
89.944 83.6361 94.3423
89.482 83.1678 94.6744
89.758 82.659 93.7997
89.7452 82.6563 93.15
90.5608 82.0417 92.715
90.832 81.8248 92.7393
90.832 81.8248 92.7393
90.4196 81.1415 91.9739
89.7154 80.9534 92.7707
89.7052 81.7352 93.1476
89.6698 81.2699 93.4032
89.9303 81.2787 92.5348
89.9303 81.2787 92.5348
89.7611 81.39 91.7386
89.0891 81.6786 91.3666
89.4814 82.5328 90.8397
89.1032 82.2829 91.4144
88.5897 81.5879 91.82
88.4144 81.5633 91.6043
88.4144 81.5633 91.6043
88.98 81.2413 92.4829
88.98 81.2413 92.4829
89.3672 81.82 91.6352
89.5269 82.1097 91.2081
88.8129 81.2266 90.4416
89.4428 82.0431 90.1387
90.3092 81.4794 89.577
89.3102 81.461 88.6311
90.2542 82.0359 88.7721
89.3831 82.933 89.4556
88.5146 82.9831 88.9241
88.1186 83.0991 88.6421
88.3804 82.2505 88.8698
88.4512 81.4222 87.921
88.9083 81.687 87.1285
89.7739 80.9249 88.0172
89.9966 80.3494 87.8693
89.9955 79.6006 88.4605
90.1427 79.6483 88.2444
90.1427 79.6483 88.2444
89.7528 80.0805 88.0007
89.2079 81.064 87.4459
88.5612 81.1687 87.7973
87.7656 81.141 87.6557
88.6064 81.6231 86.7474
88.6064 81.6231 86.7474
87.6425 81.1904 86.3591
87.9818 80.4965 85.9329
87.9818 80.4965 85.9329
88.3998 79.5012 85.7955
88.4273 79.4852 86.6236
87.5418 79.2292 87.2595
87.5418 79.2292 87.2595
87.854 78.5773 87.6062
87.854 78.5773 87.6062
87.854 78.5773 87.6062
88.1521 79.2157 86.7731
87.7767 79.4921 87.067
87.7767 79.4921 87.067
88.6888 80.2528 87.2604
89.1024 79.9899 86.594
89.1024 79.9899 86.594
89.6744 80.4891 85.7396
89.2682 80.5952 86.1059
90.0434 79.9087 85.3516
89.901 78.9504 85.2603
90.1282 77.9798 85.885
90.1282 77.9798 85.885
89.7682 77.1943 85.2149
90.4935 76.4684 85.0075
91.0129 75.5643 84.0297
90.585 74.7858 83.2445
90.6017 73.8915 83.8766
89.7528 74.3172 84.2773
90.1386 73.4986 84.3894
90.1386 73.4986 84.3894
90.301 73.8447 84.0344
89.3942 73.7296 85.007
89.3942 73.7296 85.007
89.8408 74.2332 85.4755
89.8408 74.2332 85.4755
89.8133 75.1138 85.9787
89.1358 74.2428 85.0559
88.942 73.8282 84.1093
88.942 73.8282 84.1093
88.942 73.8282 84.1093
88.0991 74.594 84.4292
87.1844 73.7122 83.7532
87.118 73.3405 83.5183
87.5686 72.7366 83.1961
87.9671 72.9215 82.3553
87.9671 72.9215 82.3553
87.4896 73.2992 82.3455
87.4896 73.2992 82.3455
87.4896 73.2992 82.3455
88.2248 73.9633 82.0401
87.8435 73.9857 82.3985
87.8435 73.9857 82.3985
87.8435 73.9857 82.3985
87.7901 73.3432 83.0394
87.7901 73.3432 83.0394
87.4493 73.3127 83.8565
87.4493 73.3127 83.8565
87.4493 73.3127 83.8565
88.0287 72.6695 83.5645
88.9229 72.551 82.6258
88.9229 72.551 82.6258
89.1972 72.4131 82.8753
89.674 71.5609 82.227
89.674 71.5609 82.227
90.0076 72.5017 81.6649
90.0076 72.5017 81.6649
89.2675 72.7281 81.3426
88.4002 72.8644 80.7756
87.9692 73.7735 79.8979
87.3041 73.0524 80.7331
87.3041 73.0524 80.7331
86.779 73.4955 80.1181
86.0702 74.0479 79.4342
86.1248 74.2731 79.239
85.8367 75.0056 78.4527
85.8367 75.0056 78.4527
85.8367 75.0056 78.4527
85.8367 75.0056 78.4527
85.8367 75.0056 78.4527
85.9455 75.7372 77.9635
86.6473 75.4419 78.1142
86.4668 75.491 77.4655
86.4668 75.491 77.4655
85.5352 76.0082 78.0109
86.3074 75.236 77.8087
86.3074 75.236 77.8087
86.0418 76.1541 78.1915
86.6226 75.8003 77.8523
87.2002 76.0993 77.1805
87.3952 77.0195 76.968
86.5739 77.4404 76.6957
86.3492 77.2404 76.3263
86.0289 76.7916 76.8016
85.1428 76.1832 76.1469
85.1428 76.1832 76.1469
85.1428 76.1832 76.1469
85.3972 75.2489 75.2037
85.564 74.5805 75.3731
85.1946 75.2187 74.4295
85.7564 74.8392 74.7289
85.2077 74.8338 74.9382
84.7072 75.4104 74.3322
84.9042 74.6196 73.49
85.5223 73.6841 73.9252
85.5223 73.6841 73.9252
86.2155 73.1385 73.4134
86.997 72.3837 72.8838
86.997 72.3837 72.8838
86.997 72.3837 72.8838
87.9619 72.9199 73.8586
88.8008 73.5183 72.9586
88.5041 74.1563 72.2868
87.5048 74.554 71.525
86.9095 73.7893 72.2003
87.0881 73.0151 73.0275
87.3131 72.8038 72.8033
87.3131 72.8038 72.8033
87.2709 73.5435 71.8632
86.5823 72.8776 72.7875
86.0486 73.5575 72.5399
86.4904 72.7528 71.9291
87.3425 72.5122 71.2075
86.4805 71.632 71.7266
86.2646 71.8135 71.0492
85.2756 71.6396 71.1727
84.4505 72.216 70.6258
83.8809 72.0515 71.4569
83.8809 72.0515 71.4569
84.3698 71.8255 70.9572
84.3698 71.8255 70.9572
84.3698 71.8255 70.9572
84.5981 71.5272 70.8742
84.7018 71.6302 71.7381
85.5821 71.4976 70.962
85.5113 72.4255 70.0665
85.5558 72.6421 70.4963
85.9189 71.7108 69.597
84.994 71.8205 70.3628
84.994 71.8205 70.3628
84.994 71.8205 70.3628
84.994 71.8205 70.3628
84.994 71.8205 70.3628
84.994 71.8205 70.3628
84.994 71.8205 70.3628
85.7882 72.0963 70.9422
85.2278 71.8833 70.2631
85.2278 71.8833 70.2631
84.5786 72.2555 69.5603
84.8386 71.3308 70.0465
85.2233 70.5123 69.8594
85.1715 70.7686 69.6991
85.2842 70.1564 70.2767
84.3751 70.887 70.4453
83.4169 70.3822 71.1346
84.2638 70.1188 70.7551
84.2638 70.1188 70.7551
83.6402 70.4397 71.5329
83.7063 69.7662 71.9456
83.7063 69.7662 71.9456
84.3816 69.9831 72.1065
84.889 69.2833 72.4554
84.889 69.2833 72.4554
83.9124 68.6723 73.169
82.9437 68.8151 74.0605
83.6788 68.6892 73.5774
83.6788 68.6892 73.5774
83.1047 68.5898 72.8999
82.176 67.7305 72.0177
82.0829 67.0208 71.6933
82.0829 67.0208 71.6933
81.3712 67.1875 72.5435
81.4979 67.6474 72.4993
80.8284 66.9253 72.9092
80.8284 66.9253 72.9092
80.8284 66.9253 72.9092
80.8284 66.9253 72.9092
80.5512 67.7953 72.9367
81.4412 67.5291 72.8188
82.2566 67.0057 72.404
82.6758 67.6869 72.2498
81.8687 67.5305 72.2692
81.8687 67.5305 72.2692
81.8687 67.5305 72.2692
81.6319 67.4342 72.5738
81.8473 66.4449 71.8512
81.2099 66.5738 72.6732
80.5978 66.464 73.5775
79.9885 65.8029 73.3101
79.9885 65.8029 73.3101
80.0104 66.7723 72.5482
80.1078 67.3147 72.1663
80.1078 67.3147 72.1663
80.1347 68.256 71.5511
79.6508 67.9355 70.5757
79.2412 67.1008 71.3098
79.2412 67.1008 71.3098
79.4961 67.8456 70.4391
78.7702 68.2644 70.2655
78.2338 67.4015 70.8147
77.5078 68.2335 70.0577
76.5397 67.3517 69.9678
75.5799 67.6207 69.1827
75.376 66.9031 69.5574
75.376 66.9031 69.5574
75.376 66.9031 69.5574
75.4661 65.9258 69.153
75.4661 65.9258 69.153
75.285 65.6024 69.7135
74.7714 65.3147 70.6636
74.134 64.7595 71.182
74.0861 65.2572 71.036
74.0861 65.2572 71.036
73.3249 64.5716 71.0475
72.5334 64.0632 71.0134
72.5334 64.0632 71.0134
72.5334 64.0632 71.0134
72.0049 64.6735 70.5103
72.4653 65.6437 69.7103
72.6255 66.0548 68.9132
72.7145 66.8001 68.4694
72.7145 66.8001 68.4694
72.2418 66.9263 69.2127
72.2418 66.9263 69.2127
72.2418 66.9263 69.2127
72.8782 67.8586 68.4301
72.0942 68.4983 68.5046
72.1509 68.5487 68.1584
72.1957 67.9306 68.2028
72.1957 67.9306 68.2028
72.1791 68.4477 68.8185
72.1791 68.4477 68.8185
72.2907 68.3628 67.9876
72.5273 68.4275 67.6429
71.8491 67.789 68.2323
71.8491 67.789 68.2323
71.8491 67.789 68.2323
70.9384 67.3956 68.258
70.9195 66.9037 67.5807
70.9195 66.9037 67.5807
71.3265 66.4559 67.7377
71.3265 66.4559 67.7377
72.0572 65.9608 67.3171
73.0343 65.3297 66.7566
73.7775 65.3722 65.9976
72.9312 65.0085 66.6379
73.2963 64.4366 66.1327
73.4334 63.8125 66.2417
73.4635 63.0416 66.5408
73.5694 63.4895 65.9449
73.5694 63.4895 65.9449
74.0748 62.705 66.8782
73.4412 62.3306 66.8417
72.5294 61.9656 66.3109
72.5294 61.9656 66.3109
71.727 62.36 66.7173
71.727 62.36 66.7173
71.1489 62.6806 66.6251
71.2544 62.4634 67.1156
70.3201 62.8636 66.8118
69.6505 62.4186 66.8303
69.4957 63.1859 66.3063
69.4957 63.1859 66.3063
69.4957 63.1859 66.3063
69.4957 63.1859 66.3063
69.4957 63.1859 66.3063
69.4893 63.9934 65.5204
70.0213 63.8874 65.7217
70.2406 63.795 66.1606
70.6975 63.5392 66.2902
70.3713 64.1295 66.2316
70.3713 64.1295 66.2316
70.3713 64.1295 66.2316
70.7362 63.6482 66.2432
70.7362 63.6482 66.2432
70.0539 63.5751 65.9133
69.3393 63.0334 65.6196
69.7953 63.4752 64.7958
69.3939 63.614 64.9456
68.6467 62.6371 65.9037
68.6467 62.6371 65.9037
69.2275 62.2983 65.9005
68.7872 62.6086 66.043
68.1193 61.79 66.7654
68.2028 61.6499 67.361
67.7974 61.6861 68.1947
67.9278 60.8681 67.9899
66.933 60.9817 68.8922
65.9383 60.0119 67.9943
65.9383 60.0119 67.9943
64.9427 59.2933 67.5738
64.677 58.294 67.5243
63.8297 58.8827 67.7154
63.8297 58.8827 67.7154
63.6743 59.55 66.8466
64.6574 59.0425 65.9136
65.3538 59.1933 65.6414
64.872 58.8382 64.8895
64.302 58.9801 65.5398
63.7856 59.5941 65.953
63.7856 59.5941 65.953
64.5672 59.13 65.2798
64.5672 59.13 65.2798
63.8024 58.4415 64.9196
63.868 59.0535 63.9884
63.6693 59.4757 64.0713
64.397 58.8112 63.1462
64.397 58.8112 63.1462
63.9909 57.8884 62.8326
63.0424 58.6116 63.4395
63.3798 58.3931 63.481
63.3798 58.3931 63.481
63.3798 58.3931 63.481
63.5791 57.875 62.7995
63.5791 57.875 62.7995
63.5791 57.875 62.7995
63.3296 58.0047 62.6541
62.748 57.2546 63.3827
62.825 56.9186 62.975
62.6005 56.5652 63.4705
62.6005 56.5652 63.4705
61.6978 57.3593 62.586
60.7589 56.5704 62.9869
60.0366 57.5132 63.9842
59.4744 56.858 63.4862
59.4744 56.858 63.4862
58.7342 56.8618 63.7201
58.7342 56.8618 63.7201
58.1388 56.4348 64.5322
58.2459 55.6455 65.3709
57.9865 55.4169 64.7393
57.8843 54.8824 63.9987
57.858 55.1709 64.5178
57.858 55.1709 64.5178
57.1466 55.8007 64.5468
56.9062 55.5174 63.6052
56.984 55.7026 63.2275
56.9496 54.9053 63.9708
56.0095 55.131 64.7555
56.0095 55.131 64.7555
56.7413 55.2302 64.5691
57.5997 55.9379 64.8321
56.9543 56.2762 65.2551
56.1176 56.3928 64.6342
56.6825 56.1017 65.5061
57.4122 55.2123 64.5891
57.6228 54.6342 64.4716
57.2729 54.7978 64.2541
57.424 54.5902 63.7822
57.424 54.5902 63.7822
57.9446 55.1664 63.602
57.9446 55.1664 63.602
57.9446 55.1664 63.602
57.9446 55.1664 63.602
57.3227 54.5913 63.9937
57.9571 54.0883 63.5264
58.7494 53.4187 63.959
59.4916 53.3459 63.0243
59.8433 52.7367 63.8519
60.1366 52.3594 63.5611
60.1366 52.3594 63.5611
59.1861 51.8687 64.2372
59.1861 51.8687 64.2372
59.6463 52.301 63.6124
60.0866 51.7596 64.099
60.0866 51.7596 64.099
60.1794 51.4031 63.277
60.3227 50.795 62.7432
60.0623 50.0881 62.5198
59.2916 49.6061 62.8275
59.2916 49.6061 62.8275
59.2916 49.6061 62.8275
58.5469 49.9129 63.4023
57.9792 49.6447 63.8447
57.9792 49.6447 63.8447
58.6614 49.3391 63.8678
58.7381 49.2077 64.3737
58.7691 48.7998 63.6738
59.0705 48.8106 63.0115
59.0705 48.8106 63.0115
59.0705 48.8106 63.0115
58.0838 47.8182 62.5492
57.6589 46.9489 62.2133
56.8582 46.6318 62.0033
55.8797 47.3719 61.99
55.3056 47.6194 62.2755
55.9418 47.0478 62.2674
56.0334 47.0371 63.2615
56.1613 47.6089 62.8926
56.7911 48.0657 61.937
56.7911 48.0657 61.937
56.3054 48.1655 61.0301
55.7997 48.5225 61.7115
55.9088 47.7327 62.1135
55.7576 46.8809 62.9394
55.8691 45.903 63.7329
55.2546 45.2045 62.7473
55.0371 45.5455 63.144
54.7504 44.6626 62.9732
53.9888 45.1104 62.416
53.9888 45.1104 62.416
53.9888 45.1104 62.416
53.9486 45.9158 61.9706
53.9486 45.9158 61.9706
54.787 45.8552 62.9066
54.3785 45.9717 61.9419
54.1669 46.4676 61.0787
54.9997 46.6429 60.8023
55.2842 45.7831 60.628
55.2842 45.7831 60.628
54.33 44.9361 60.9565
53.806 45.7888 60.2984
53.2171 45.1442 60.244
52.483 45.9631 59.5949
51.8379 45.0459 59.4561
52.3012 44.9226 58.7625
51.704 45.2991 58.6731
51.2197 45.3328 59.4213
51.9406 45.5874 58.6902
52.85 45.2628 58.8749
53.1373 44.7534 59.4126
53.0053 44.7162 59.4623
53.3246 44.4827 59.2168
53.3246 44.4827 59.2168
52.3376 44.8712 59.7291
52.9154 44.511 59.6207
52.9154 44.511 59.6207
52.5871 44.6516 59.1899
52.9755 43.9696 58.2785
52.3512 44.9281 58.2202
51.7256 44.4586 57.448
51.7256 44.4586 57.448
51.7256 44.4586 57.448
50.9385 43.9696 57.8019
50.6422 43.4995 57.708
50.3511 42.5189 58.1883
50.2491 42.088 59.1557
49.2908 41.131 59.3056
49.3889 41.1897 58.6232
48.4638 40.8191 58.656
48.4638 40.8191 58.656
48.4638 40.8191 58.656
48.4638 40.8191 58.656
48.4638 40.8191 58.656
48.298 41.0448 59.4732
47.3475 40.7721 60.2149
46.9474 41.3782 59.5369
46.1089 40.3941 60.3372
46.5197 39.4343 61.134
47.2491 39.0051 61.0594
47.5949 39.3445 61.6023
47.5949 39.3445 61.6023
47.263 40.1224 61.6112
46.7284 39.8816 61.3939
46.4424 39.017 61.5047
45.84 38.695 61.9715
46.4602 37.9948 62.5177
46.4602 37.9948 62.5177
46.1069 38.8618 61.795
45.5726 38.8296 62.1992
46.5619 38.0765 61.4667
46.5619 38.0765 61.4667
47.3004 37.7962 60.5728
48.0612 36.9828 60.8691
47.0869 37.6904 61.1876
47.3093 37.9459 61.4746
47.3093 37.9459 61.4746
47.3093 37.9459 61.4746
46.5284 37.9208 61.943
46.5284 37.9208 61.943
46.2513 38.1303 62.8785
46.4831 37.2342 62.5136
46.4831 37.2342 62.5136
46.4831 37.2342 62.5136
46.4831 37.2342 62.5136
46.7292 37.3566 62.2281
46.0985 37.535 61.8359
46.0985 37.535 61.8359
45.3999 37.7021 61.5926
45.4245 38.0116 61.9914
45.8745 37.5052 61.2459
46.0048 37.6008 60.7874
46.6836 36.997 59.7992
46.9693 37.5477 59.3456
46.9693 37.5477 59.3456
46.9693 37.5477 59.3456
46.0429 36.6128 58.5999
46.0429 36.6128 58.5999
45.3861 36.8612 59.2056
45.3861 36.8612 59.2056
45.8374 36.6777 58.2271
46.7854 36.5097 57.5
46.7854 36.5097 57.5
47.0158 36.9769 56.6856
46.5469 37.7278 56.9942
46.1032 38.4843 57.0779
46.4911 39.0607 56.5589
46.6519 39.4793 55.8357
46.2454 40.1536 54.9076
46.2454 40.1536 54.9076
45.8248 40.1719 54.5005
45.8248 40.1719 54.5005
45.8248 40.1719 54.5005
45.8248 40.1719 54.5005
46.0044 40.8024 53.8354
46.0044 40.8024 53.8354
46.86 39.8381 54.3172
47.6344 39.1194 54.648
47.1804 39.1954 55.0558
46.583 38.6778 54.2214
46.583 38.6778 54.2214
46.2621 37.9651 54.8633
46.2621 37.9651 54.8633
45.5411 38.6227 54.6364
45.5411 38.6227 54.6364
45.5411 38.6227 54.6364
44.7533 38.444 55.5427
43.7762 38.1577 55.1785
42.8887 37.9955 54.5769
42.8554 37.0255 54.0049
42.8554 37.0255 54.0049
42.8554 37.0255 54.0049
43.0805 37.8237 54.9616
43.0805 37.8237 54.9616
43.0805 37.8237 54.9616
42.6413 37.5916 54.6423
41.8075 37.388 54.0589
40.8573 36.6198 54.5697
40.8573 36.6198 54.5697
40.8573 36.6198 54.5697
40.496 36.4146 55.0132
40.2263 35.4223 54.785
39.6009 35.9403 54.2588
39.2312 35.0901 54.3502
39.2312 35.0901 54.3502
39.2312 35.0901 54.3502
39.2312 35.0901 54.3502
39.2312 35.0901 54.3502
39.2312 35.0901 54.3502
39.2312 35.0901 54.3502
39.2312 35.0901 54.3502
39.0349 34.3133 53.4379
38.0756 34.2992 53.5742
38.3469 33.9739 52.6815
37.722 33.3439 52.07
37.5796 33.3383 51.9433
37.5796 33.3383 51.9433
37.6437 33.3552 51.0563
37.6437 33.3552 51.0563
37.6437 33.3552 51.0563
38.0961 34.1035 51.019
37.6466 34.0377 51.3244
37.6466 34.0377 51.3244
38.5067 33.1849 51.4722
38.5067 33.1849 51.4722
38.6991 33.1643 50.5924
38.6991 33.1643 50.5924
38.6991 33.1643 50.5924
39.0702 33.1735 49.9661
39.5773 32.8121 49.625
39.5773 32.8121 49.625
39.0083 33.0749 49.9875
38.4694 32.5147 49.6836
38.0156 32.2839 48.9603
38.0156 32.2839 48.9603
38.0156 32.2839 48.9603
38.0156 32.2839 48.9603
38.0291 32.431 48.0993
38.3087 32.039 48.1488
37.3548 31.7684 47.5507
37.4915 31.1276 47.8141
36.9629 31.9857 46.8856
36.9629 31.9857 46.8856
37.6109 31.5853 46.5009
37.5499 31.1034 45.6255
36.643 30.3711 44.6614
36.7242 30.8653 44.8874
36.7242 30.8653 44.8874
37.2608 30.9356 44.7445
37.6706 30.2394 45.3017
38.4716 30.116 44.5639
37.5925 30.139 45.1271
36.839 30.1166 45.3243
36.3484 30.9028 45.7542
36.2098 30.6115 45.3416
36.2098 30.6115 45.3416
36.2098 30.6115 45.3416
35.3466 30.1492 45.375
35.1899 30.3666 45.6323
35.0607 31.2221 45.0626
35.0607 31.2221 45.0626
35.2129 31.2334 45.6467
35.2129 31.2334 45.6467
34.7401 30.246 45.6717
33.8538 30.5557 46.1931
34.6503 29.7228 45.8433
34.6503 29.7228 45.8433
34.8741 29.2753 45.1475
35.8204 29.9277 44.9772
35.0418 29.2624 44.2378
34.6095 30.1555 45.0271
35.2645 30.2303 44.1704
35.2645 30.2303 44.1704
35.2645 30.2303 44.1704
34.6031 30.4336 44.7149
34.501 29.501 44.155
33.7655 28.8883 44.5782
33.9721 28.6959 44.5342
33.9721 28.6959 44.5342
34.3644 28.3256 44.3616
33.696 27.6505 44.8747
32.8157 28.4973 45.1101
32.8157 28.4973 45.1101
32.7096 27.6243 45.8617
33.515 28.0937 45.6698
33.1792 28.8254 45.7316
33.0484 29.4179 45.9798
32.4029 28.4259 45.7255
32.6178 27.6534 45.1329
32.0011 27.0872 45.2328
31.9525 26.4804 45.3764
32.6341 26.5026 45.1004
33.3484 26.204 44.2699
34.1399 25.4712 44.2133
33.3664 24.6515 43.4653
32.6973 23.7204 42.5927
33.1134 23.5405 42.894
32.5413 22.7453 43.4523
32.262 22.4211 44.2506
32.262 22.4211 44.2506
31.7281 22.2229 43.3013
31.7281 22.2229 43.3013
30.8281 22.8324 43.7369
30.9957 21.8463 42.795
30.5604 21.2796 42.8778
31.2127 20.5124 43.2187
31.2127 20.5124 43.2187
31.2127 20.5124 43.2187
31.8498 20.1636 42.3341
31.8498 20.1636 42.3341
32.2725 19.9222 41.9693
33.2196 20.6388 41.1665
33.2196 20.6388 41.1665
32.9874 20.5499 41.1791
32.3492 19.985 41.8624
33.1266 19.1284 40.8673
32.3481 18.9323 40.4495
31.4857 19.1382 39.4804
31.7444 19.5028 38.7014
31.7444 19.5028 38.7014
31.7444 19.5028 38.7014
32.1541 20.3675 37.7315
31.25 21.2923 37.2507
31.2439 20.4262 36.7173
31.2439 20.4262 36.7173
30.6834 19.5079 37.3363
31.0498 18.5621 37.5197
31.0473 19.4039 37.3837
31.0473 19.4039 37.3837
31.0473 19.4039 37.3837
31.0473 19.4039 37.3837
30.771 20.0584 37.4438
30.2114 20.5923 37.1226
30.0852 21.1835 37.9114
30.8951 20.3246 38.3032
30.2785 20.8867 38.2456
29.8202 21.0656 37.5986
30.5135 21.903 36.7849
30.5135 21.903 36.7849
30.3216 21.7686 37.275
30.3216 21.7686 37.275
29.4792 21.4406 37.3492
30.0962 21.6281 36.3742
29.475 21.5331 37.0921
29.1016 21.1037 37.18
29.0032 21.7956 37.2998
29.3391 20.8605 37.6529
28.5189 21.3264 36.8873
29.5131 21.3998 36.8993
29.4917 22.208 36.2605
28.9754 21.5406 35.4331
28.3022 21.6431 35.6788
29.2232 21.9119 34.7658
29.7962 21.3377 34.3223
29.8453 22.0588 33.7758
29.8453 22.0588 33.7758
30.2375 21.9737 34.0112
30.2375 21.9737 34.0112
30.2375 21.9737 34.0112
29.3543 22.8403 33.3297
29.1844 22.091 33.7824
28.2346 21.1405 34.3197
27.9635 20.9152 33.4955
27.6106 21.2437 33.0843
27.292 21.8936 33.8782
27.292 21.8936 33.8782
27.292 21.8936 33.8782
27.734 21.2226 33.0151
27.734 21.2226 33.0151
26.7467 20.8281 32.7129
26.3011 20.3601 32.9731
25.9125 20.8593 32.6903
26.542 20.0447 33.0752
26.1377 19.1269 32.4688
26.6744 18.8592 32.1998
27.0283 19.355 32.602
28.0156 19.8269 32.0394
28.6825 20.0161 31.8183
29.3914 19.3202 31.2628
29.6009 19.6055 31.1442
30.2557 19.3626 31.0654
31.0434 18.54 30.9607
31.2999 18.0985 30.7255
30.4131 17.3166 30.556
30.3884 17.0063 30.4023
30.3884 17.0063 30.4023
30.9333 16.9356 29.9914
30.9333 16.9356 29.9914
30.9984 16.7676 29.0042
30.6057 16.8963 29.3281
30.6057 16.8963 29.3281
30.9437 16.575 29.4171
29.9811 17.0275 29.0812
29.2205 17.3531 29.7892
29.0175 17.4154 30.7648
29.2897 16.645 30.2895
29.1355 16.921 30.4091
29.5152 17.5471 29.922
28.8693 16.6895 30.8088
28.3181 17.0827 29.9625
27.7658 17.7576 29.9272
26.8496 18.5039 28.9906
26.6912 17.7331 28.7656
26.0482 18.313 28.2605
26.0482 18.313 28.2605
26.8244 17.6737 27.4572
26.8244 17.6737 27.4572
27.2348 18.4014 26.5469
26.9719 17.4466 26.7083
27.405 17.5295 26.5363
27.4073 17.1766 26.2261
27.4073 17.1766 26.2261
27.7989 16.7728 25.315
27.7989 16.7728 25.315
26.972 17.5058 25.5941
26.972 17.5058 25.5941
27.5703 16.613 24.6833
27.4579 16.1773 23.8731
27.4579 16.1773 23.8731
27.4579 16.1773 23.8731
27.4579 16.1773 23.8731
27.4579 16.1773 23.8731
26.7749 16.1231 23.6315
26.7749 16.1231 23.6315
26.1111 16.7313 24.3906
26.1111 16.7313 24.3906
25.983 17.5723 23.7722
25.5371 17.8321 24.2985
25.5371 17.8321 24.2985
25.8065 18.5318 23.9211
25.5928 18.4947 24.0661
25.6926 17.672 24.3665
25.6926 17.672 24.3665
25.6926 17.672 24.3665
26.0726 18.28 23.7631
26.0726 18.28 23.7631
26.2105 17.4775 23.6018
26.2105 17.4775 23.6018
25.7554 17.3642 24.0555
25.3387 17.0166 23.1277
25.5921 17.8935 22.6098
26.01 18.5015 21.9555
25.5531 19.1092 22.4439
25.5531 19.1092 22.4439
25.5531 19.1092 22.4439
24.7733 19.327 23.2363
24.7733 19.327 23.2363
24.422 18.8695 22.4387
24.2383 18.871 22.0747
24.2383 18.871 22.0747
23.8966 19.4841 21.7244
23.8966 19.4841 21.7244
23.8966 19.4841 21.7244
24.572 20.4508 20.7373
24.5768 20.7542 21.1869
24.3057 19.8129 20.4794
24.3057 19.8129 20.4794
24.0057 19.388 20.6681
23.7983 19.4757 20.5289
24.0086 19.2813 20.8732
24.5529 18.7147 20.1345
24.3835 18.2034 19.738
25.2259 18.253 20.1405
24.5323 17.5758 19.4455
23.8619 18.223 18.5827
23.5737 18.5116 18.2394
22.9909 17.8767 18.1736
22.058 17.3023 17.8652
21.997 17.2418 18.7186
21.0351 17.3374 18.3824
20.0458 17.4056 19.3794
19.0754 16.4147 20.0975
18.6928 15.996 19.8467
18.6928 15.996 19.8467
18.7815 15.5905 19.378
18.5508 15.5539 19.1949
18.5508 15.5539 19.1949
18.5508 15.5539 19.1949
18.5508 15.5539 19.1949
18.5508 15.5539 19.1949
18.5508 15.5539 19.1949
18.0788 15.3916 18.2501
17.2558 14.8423 17.5999
17.3238 13.9879 17.2067
17.4611 14.7004 16.5062
17.0639 15.1882 15.6446
16.1382 15.318 15.4699
16.257 14.8918 15.5888
17.0859 15.1026 16.4604
17.0859 15.1026 16.4604
16.7269 15.7138 16.9447
16.0729 15.3274 17.3917
15.3122 15.0413 16.7573
15.3122 15.0413 16.7573
15.2486 14.6608 17.4819
16.0694 15.2262 17.4235
16.2121 15.9351 16.4248
15.6384 15.9745 16.1085
15.6384 15.9745 16.1085
16.163 16.0951 15.2113
15.5577 15.5506 14.3867
15.4398 14.7526 14.1383
15.646 15.0121 13.2992
16.2988 14.112 12.3971
15.5383 14.7873 11.4622
15.5383 14.7873 11.4622
14.9902 15.5734 10.8882
14.2554 14.8181 9.9114
14.2554 14.8181 9.9114
14.2554 14.8181 9.9114
13.377 15.4884 9.50651
12.6147 15.7877 10.2397
12.6147 15.7877 10.2397
11.8868 14.9749 10.3199
11.1775 15.1495 10.3713
11.6477 14.7661 10.4375
