0 17.5925
1 16.5588
2 15.0891
3 13.9687
4 13.3008
5 12.4677
6 11.9787
7 11.4586
8 10.869
9 10.5122
10 10.3176
11 9.87466
12 9.29626
13 9.11829
14 9.03792
15 8.61346
16 8.17388
17 8.06516
18 7.9581
19 7.95143
20 8.15867
21 8.029
22 8.02712
23 8.05164
24 8.22996
25 8.1153
26 8.07588
27 7.89454
28 7.64149
29 7.51911
30 7.79976
31 7.50629
32 7.58943
33 7.46133
34 7.55329
35 7.41468
36 7.41441
37 7.4353
38 7.42529
39 7.54119
40 7.51778
41 7.51024
42 7.09525
43 7.19395
44 6.92015
45 6.843
46 7.11598
47 6.86668
48 6.87681
49 6.86523
50 6.99005
51 6.94049
52 6.71938
53 6.79031
54 7.10122
55 6.96316
56 6.71763
57 6.872
58 6.8332
59 6.75532
60 6.68955
61 6.46615
62 6.45177
63 6.43413
64 6.33264
65 6.46719
66 6.34764
67 6.23235
68 6.44361
69 6.23482
70 6.44448
71 6.27064
72 6.43514
73 6.36619
74 6.25364
75 6.27642
76 6.26641
77 6.07994
78 6.53349
79 6.42248
80 6.36188
81 6.2704
82 6.27621
83 6.47299
84 6.36342
85 6.34443
86 6.55177
87 6.41491
88 6.11101
89 6.06685
90 6.1562
91 6.09062
92 6.39491
93 6.03909
94 5.96241
95 6.24569
96 5.88016
97 6.01129
98 6.01587
99 6.1633
100 5.87592
101 6.01461
102 6.12822
103 5.87577
104 5.87635
105 5.88197
106 6.07996
107 5.68367
108 5.74067
109 5.6725
110 5.55853
111 5.73353
112 5.74144
113 5.78944
114 5.63857
115 5.70299
116 5.59472
117 5.7252
118 5.70461
119 5.92072
120 5.62825
121 5.65976
122 5.8013
123 5.778
124 5.71254
125 5.72485
126 5.52784
127 5.40934
128 5.76571
129 5.76181
130 5.48642
131 5.66506
132 5.5875
133 5.7165
134 6.03274
135 5.60442
136 5.59136
137 5.61158
138 5.68978
139 5.60998
140 5.68717
141 5.7198
142 5.54164
143 5.62717
144 5.76831
145 5.58104
146 5.86185
147 5.58694
148 5.45876
149 5.65539
150 5.77439
151 5.66889
152 5.84728
153 5.68625
154 5.60429
155 5.66648
156 5.87955
157 5.69733
158 5.97443
159 5.78222
160 5.87105
161 5.65821
162 5.63192
163 5.59766
164 5.54194
165 5.72104
166 5.5698
167 5.70466
168 5.63255
169 5.57472
170 5.53747
171 5.69576
172 5.63146
173 5.67144
174 5.73909
175 5.66935
176 5.77463
177 5.65217
178 5.70079
179 5.80485
180 5.97165
181 5.41056
182 5.66932
183 5.8533
184 5.89002
185 5.64274
186 5.52985
187 5.60385
188 5.75588
189 5.75366
190 5.63091
191 5.45822
192 5.74879
193 5.49882
194 5.76579
195 5.49695
196 5.61773
197 5.58995
198 5.61114
199 5.82694
200 5.63883
201 5.69571
202 5.83727
203 5.87686
204 5.74488
205 5.7888
206 5.91015
207 5.93688
208 5.57815
209 5.43514
210 5.59087
211 5.70151
212 5.77207
213 5.60897
214 5.74263
215 5.75257
216 5.96541
217 5.71187
218 5.81151
219 5.65871
220 5.57563
221 5.61046
222 5.88962
223 5.70725
224 5.85874
225 5.9699
226 5.6664
227 5.55048
228 5.63501
229 5.91032
230 5.55247
231 5.63699
232 5.98868
233 5.60212
234 5.81461
235 5.67427
236 5.58589
237 5.51678
238 5.96545
239 5.64951
240 5.44102
241 5.55243
242 5.55144
243 5.6577
244 5.93904
245 5.70903
246 5.49956
247 5.52624
248 5.60571
249 5.5919
250 5.62839
251 5.62607
252 5.60433
253 5.63409
254 5.79724
255 5.74883
256 5.63696
257 5.60441
258 5.87942
259 5.6065
260 5.60893
261 5.64252
262 5.81747
263 5.59588
264 5.58711
265 5.72528
266 5.62329
267 5.54275
268 5.81535
269 5.54901
270 5.47483
271 5.70624
272 5.58968
273 5.78997
274 5.79329
275 5.7435
276 5.7469
277 5.68741
278 5.79244
279 5.7818
280 5.70087
281 5.70603
282 5.59242
283 5.8289
284 5.74398
285 5.6489
286 5.51001
287 5.79777
288 5.90222
289 5.60132
290 5.64615
291 5.92324
292 5.98119
293 5.83938
294 5.73014
295 5.7815
296 5.75995
297 5.61175
298 5.63367
299 5.61607
300 5.88821
301 5.64742
302 5.66428
303 5.70063
304 5.59906
305 5.70452
306 5.60856
307 5.56156
308 5.69085
309 5.98272
310 5.59352
311 5.96787
312 6.02803
313 5.80569
314 5.68084
315 5.64889
316 5.52268
317 5.43462
318 5.38256
319 5.9142
320 5.62025
321 5.46656
322 5.69241
323 5.59527
324 5.85076
325 5.87542
326 5.85023
327 5.7235
328 5.99351
329 5.74134
330 5.51015
331 5.48259
332 5.75732
333 5.83535
334 5.75781
335 5.6153
336 5.63028
337 5.76353
338 5.5336
339 5.62073
340 5.44917
341 5.58356
342 5.66402
343 5.84327
344 5.87626
345 5.50089
346 5.6125
347 5.81549
348 5.70255
349 5.766
350 5.65214
351 5.6378
352 5.83857
353 5.88459
354 5.60054
355 5.67172
356 5.54621
357 5.76429
358 5.70498
359 5.59255
360 5.58007
361 5.55444
362 5.40871
363 5.53657
364 5.57837
365 5.69673
366 5.58796
367 5.68349
368 5.40626
369 5.46876
370 5.47568
371 5.71252
372 5.59973
373 5.70207
374 5.72654
375 5.53464
376 5.65107
377 5.41651
378 5.64075
379 5.44102
380 5.63499
381 5.58494
382 5.65003
383 5.64792
384 5.53071
385 5.82006
386 5.5553
387 5.57264
388 5.51203
389 5.74797
390 5.46611
391 5.96656
392 5.54807
393 5.56174
394 5.452
395 5.61124
396 5.68614
397 5.71723
398 5.66346
399 5.75062
400 5.24657
401 5.20301
402 4.94417
403 5.01157
404 5.194
405 5.13586
406 5.03117
407 5.16177
408 4.97478
409 5.00881
410 4.9625
411 4.85798
412 5.24563
413 5.15279
414 4.81048
415 5.30395
416 5.43928
417 5.1876
418 4.97942
419 5.13987
420 5.19719
421 5.1255
422 5.2086
423 5.15779
424 5.01681
425 5.11725
426 4.95803
427 5.12298
428 4.96421
429 5.27953
430 5.13306
431 4.81565
432 5.12
433 5.01789
434 5.04174
435 5.07641
436 4.87796
437 5.08257
438 5.23982
439 4.90318
440 5.02515
441 5.31109
442 5.25051
443 5.30195
444 4.92815
445 5.14065
446 5.18383
447 5.01876
448 5.09452
449 5.24462
450 5.05743
451 4.85689
452 5.00354
453 5.14647
454 5.06691
455 4.96442
456 5.1494
457 5.10537
458 5.09179
459 5.319
460 5.314
461 5.18387
462 5.16101
463 5.09455
464 5.06243
465 4.90476
466 5.10824
467 5.17692
468 5.30756
469 5.16988
470 4.98761
471 5.06182
472 5.04737
473 4.96778
474 5.04604
475 5.0926
476 5.29091
477 4.86411
478 4.99215
479 5.25306
480 5.25215
481 5.32292
482 5.12246
483 5.06402
484 5.01735
485 5.16473
486 5.18502
487 4.98701
488 5.10444
489 5.07841
490 4.99549
491 4.93604
492 4.92999
493 5.00761
494 4.96963
495 4.86205
496 5.04709
497 4.99288
498 4.79893
499 5.09035
500 4.9844
501 4.92812
502 4.88584
503 5.11456
504 4.93691
505 5.11589
506 5.05543
507 5.17333
508 5.1875
509 5.23994
510 5.00699
511 5.06367
512 4.90781
513 5.08036
514 5.27603
515 5.04528
516 5.08928
517 5.12112
518 5.2463
519 5.05118
520 4.97315
521 5.03176
522 4.96857
523 4.91638
524 5.08997
525 4.98653
526 5.1863
527 5.07627
528 5.10003
529 5.31697
530 5.10751
531 5.01067
532 4.79219
533 5.0061
534 4.83704
535 4.99038
536 5.31042
537 5.10783
538 4.99448
539 4.96471
540 4.95536
541 5.03142
542 5.02736
543 5.02246
544 5.00909
545 5.0073
546 4.89343
547 5.01758
548 5.14706
549 4.97331
550 5.05728
551 5.00544
552 5.08112
553 5.04855
554 4.87475
555 4.95665
556 5.28128
557 4.84107
558 4.85543
559 5.24867
560 5.15181
561 4.96726
562 5.08259
563 4.82236
564 5.26429
565 5.28265
566 5.0686
567 5.27834
568 4.99003
569 4.90794
570 5.22353
571 5.08208
572 4.93675
573 4.99744
574 4.96459
575 4.99534
576 5.00798
577 5.23851
578 4.88681
579 4.85452
580 5.08662
581 5.11298
582 4.91561
583 4.87038
584 5.03248
585 5.13811
586 5.08844
587 5.09687
588 5.23385
589 4.9913
590 5.17231
591 5.04858
592 5.2937
593 5.09323
594 5.18635
595 5.21543
596 5.17226
597 5.15003
598 5.30204
599 4.98002
600 5.20792
601 5.10104
602 4.87835
603 5.05783
604 5.21196
605 5.05321
606 4.94638
607 4.90974
608 4.94762
609 4.83843
610 4.94022
611 4.973
612 5.01441
613 4.93721
614 5.15634
615 5.25735
616 5.21532
617 5.01076
618 5.30248
619 4.90146
620 5.13133
621 4.89624
622 5.05021
623 5.13471
624 5.02521
625 4.88037
626 5.17835
627 5.17024
628 5.1473
629 4.77952
630 5.27735
631 5.031
632 4.95279
633 4.85941
634 4.99161
635 5.22631
636 5.4518
637 4.94244
638 5.07523
639 4.933
640 5.1535
641 4.9171
642 5.23524
643 5.09755
644 5.19637
645 5.07033
646 5.01119
647 5.21171
648 5.19579
649 5.09532
650 4.99437
651 5.36183
652 4.9192
653 5.16056
654 5.21667
655 4.97995
656 4.93244
657 4.92668
658 4.95327
659 5.22944
660 4.95537
661 5.31365
662 5.01495
663 5.1058
664 5.14773
665 5.08914
666 5.08323
667 4.97268
668 5.05522
669 5.19063
670 5.35351
671 5.03907
672 4.98329
673 5.02244
674 5.00178
675 4.93506
676 5.07348
677 5.18483
678 5.08328
679 5.14904
680 5.06714
681 5.04112
682 5.01299
683 5.10606
684 4.97886
685 5.02761
686 5.11457
687 4.97905
688 5.09787
689 5.13891
690 4.97922
691 5.02174
692 5.00018
693 4.90508
694 4.99253
695 4.99384
696 5.09099
697 5.36731
698 5.02418
699 5.10261
700 4.96509
701 4.91958
702 4.96223
703 4.96297
704 5.2001
705 4.9564
706 4.92226
707 4.99034
708 4.85264
709 5.04227
710 4.98235
711 5.11197
712 5.27838
713 4.86866
714 4.90661
715 5.03312
716 4.83838
717 4.87714
718 4.995
719 5.00317
720 5.1662
721 5.13632
722 5.00251
723 4.95389
724 5.10481
725 5.06392
726 5.04692
727 4.82759
728 5.07411
729 5.53768
730 5.14031
731 5.38358
732 5.10524
733 5.00277
734 5.34439
735 5.24068
736 5.28955
737 5.20547
738 5.33826
739 5.03832
740 5.01073
741 4.99267
742 5.17851
743 5.00994
744 5.16103
745 4.91444
746 5.17573
747 5.10566
748 5.03
749 5.24885
750 4.91385
751 5.20819
752 5.13099
753 5.13109
754 5.25937
755 4.92532
756 4.96092
757 5.04947
758 5.1322
759 5.02875
760 4.98667
761 4.8823
762 4.99083
763 5.12134
764 4.92093
765 5.00951
766 4.97484
767 5.0394
768 4.94147
769 5.1294
770 5.0074
771 4.9644
772 5.31425
773 5.07891
774 4.99098
775 5.08657
776 5.34935
777 4.97269
778 5.17344
779 5.02943
780 5.05514
781 5.04461
782 5.14892
783 5.16282
784 5.05944
785 4.85001
786 4.91043
787 5.00785
788 5.2165
789 4.93222
790 4.92606
791 5.02979
792 5.12406
793 5.05247
794 5.00072
795 5.09429
796 4.98118
797 5.06269
798 5.30356
799 5.24258
800 5.10139
801 5.15451
802 5.06453
803 4.98678
804 5.20226
805 5.06439
806 4.98524
807 5.13219
808 5.1873
809 5.47939
810 5.39417
811 5.20196
812 4.88019
813 4.99545
814 4.77951
815 4.96453
816 5.08221
817 5.02552
818 5.18715
819 5.12138
820 5.00814
821 4.95507
822 5.12139
823 4.90424
824 5.06875
825 5.09895
826 5.36751
827 5.05574
828 5.1019
829 5.15892
830 5.23427
831 5.31311
832 5.07366
833 5.23697
834 4.95326
835 5.06785
836 5.1907
837 5.24574
838 5.28994
839 5.27428
840 5.20945
841 4.90497
842 5.10551
843 5.39928
844 5.0764
845 4.85336
846 4.95184
847 4.94057
848 5.18166
849 5.02642
850 4.83828
851 4.94987
852 5.15647
853 5.26039
854 5.12055
855 4.98203
856 5.38441
857 5.15511
858 4.96867
859 5.00324
860 4.87924
861 4.95187
862 5.00662
863 4.98177
864 4.79678
865 5.31654
866 4.89237
867 5.15918
868 4.96806
869 5.17255
870 5.17215
871 5.07391
872 5.00079
873 4.95026
874 5.19114
875 5.18351
876 5.20137
877 5.02526
878 5.17806
879 4.98157
880 4.89529
881 4.78655
882 5.01673
883 4.95903
884 4.96142
885 5.06506
886 4.82907
887 5.1845
888 5.03674
889 4.98523
890 5.08822
891 5.31878
892 4.97999
893 5.15263
894 5.00075
895 4.94833
896 5.17747
897 5.04303
898 5.08568
899 4.99294
900 5.01796
901 4.88461
902 4.81375
903 5.01466
904 5.23385
905 5.03356
906 5.15265
907 5.07141
908 5.07646
909 4.93981
910 4.94563
911 5.06956
912 5.2696
913 5.10591
914 4.97685
915 5.01849
916 4.9656
917 5.07569
918 4.8764
919 5.10473
920 4.98425
921 5.51033
922 5.17322
923 5.01662
924 5.36785
925 5.10698
926 4.80847
927 5.01621
928 5.1046
929 5.08904
930 5.09278
931 5.13666
932 5.41713
933 5.13955
934 5.01928
935 5.11905
936 5.18733
937 5.18912
938 5.08221
939 5.2501
940 5.24231
941 4.93142
942 5.05939
943 5.06948
944 5.07193
945 5.14087
946 5.15399
947 5.48065
948 5.41609
949 5.13859
950 5.12679
951 5.33673
952 4.98102
953 5.04362
954 5.11878
955 5.28138
956 5.24745
957 5.03791
958 5.27811
959 5.29184
960 5.0004
961 5.08757
962 4.98878
963 4.90508
964 4.96051
965 5.1663
966 5.15526
967 5.1896
968 4.99149
969 4.86839
970 5.1036
971 5.21081
972 4.79177
973 5.43003
974 5.10567
975 5.42168
976 5.25339
977 5.11355
978 5.01187
979 5.22858
980 5.14572
981 5.0102
982 5.21308
983 5.12995
984 5.02479
985 5.02275
986 5.08351
987 5.0393
988 4.934
989 4.99344
990 5.04541
991 5.07672
992 5.06984
993 5.07611
994 5.15943
995 5.00328
996 5.04546
997 4.78263
998 5.34472
999 4.99251
