0 14.871
1 14.1078
2 13.1033
3 12.8746
4 11.8484
5 11.7355
6 11.5934
7 11.5892
8 11.3642
9 10.5414
10 9.80696
11 9.80696
12 9.78948
13 9.06461
14 8.85588
15 8.7772
16 8.7772
17 8.76172
18 8.76172
19 8.76172
20 8.55181
21 8.54274
22 8.35863
23 8.25465
24 8.23066
25 8.01931
26 7.81325
27 7.81325
28 7.81325
29 7.81325
30 7.77764
31 7.6159
32 7.53382
33 7.40976
34 7.40976
35 7.40976
36 7.40646
37 7.40646
38 7.40646
39 7.40646
40 7.40646
41 7.40646
42 7.40646
43 7.40646
44 7.40646
45 7.40646
46 7.40646
47 7.14031
48 7.14031
49 6.73866
50 6.73866
51 6.73866
52 6.73866
53 6.73866
54 6.73866
55 6.73866
56 6.73866
57 6.73866
58 6.73866
59 6.73866
60 6.73866
61 6.73866
62 6.73866
63 6.73866
64 6.6971
65 6.6971
66 6.6971
67 6.6971
68 6.57641
69 6.57641
70 6.57641
71 6.48503
72 6.48503
73 6.26862
74 6.26862
75 6.25261
76 6.25261
77 6.25059
78 6.25059
79 6.25059
80 6.25059
81 6.25059
82 6.25059
83 6.25059
84 6.25059
85 6.23413
86 6.21184
87 6.21184
88 6.21184
89 6.21184
90 6.19398
91 6.19398
92 6.19398
93 6.19398
94 6.18696
95 6.18696
96 6.14306
97 6.12867
98 6.06888
99 6.0206
100 6.0206
101 6.0206
102 6.0206
103 6.0206
104 6.0206
105 6.0206
106 6.0206
107 5.96365
108 5.96365
109 5.96365
110 5.96365
111 5.96365
112 5.96365
113 5.96365
114 5.96365
115 5.96365
116 5.96365
117 5.96365
118 5.96365
119 5.95326
120 5.95326
121 5.95326
122 5.95326
123 5.95326
124 5.95326
125 5.95326
126 5.95326
127 5.95326
128 5.95326
129 5.95326
130 5.95326
131 5.95326
132 5.95326
133 5.95326
134 5.95326
135 5.95326
136 5.95326
137 5.95326
138 5.95326
139 5.95326
140 5.95326
141 5.95326
142 5.95326
143 5.95326
144 5.95326
145 5.95326
146 5.95326
147 5.95326
148 5.95326
149 5.95326
150 5.95326
151 5.95326
152 5.95326
153 5.95326
154 5.95326
155 5.95326
156 5.95326
157 5.95326
158 5.95326
159 5.95326
160 5.95326
161 5.95326
162 5.95326
163 5.95326
164 5.95326
165 5.95326
166 5.95326
167 5.95326
168 5.95326
169 5.95326
170 5.95326
171 5.95326
172 5.95326
173 5.95326
174 5.95326
175 5.95326
176 5.95326
177 5.95326
178 5.95326
179 5.95326
180 5.95326
181 5.95326
182 5.95326
183 5.95326
184 5.95326
185 5.95326
186 5.95326
187 5.95326
188 5.95326
189 5.95326
190 5.95326
191 5.95326
192 5.95326
193 5.95326
194 5.95326
195 5.95326
196 5.95326
197 5.95326
198 5.95326
199 5.93886
200 5.26691
201 5.20324
202 5.20324
203 5.20324
204 5.20324
205 5.20324
206 5.20324
207 5.20324
208 5.20324
209 5.20324
210 5.20324
211 5.20324
212 5.20324
213 5.20324
214 5.20324
215 5.20324
216 5.20324
217 5.20324
218 5.20324
219 5.20324
220 5.20324
221 5.20324
222 5.20324
223 5.20324
224 5.20324
225 5.20324
226 5.20324
227 5.20324
228 5.20324
229 5.20324
230 5.20324
231 5.20324
232 5.20324
233 5.20324
234 5.20324
235 5.20324
236 5.20324
237 5.20324
238 5.20324
239 5.20324
240 5.20324
241 5.20324
242 5.20324
243 5.20324
244 5.20324
245 5.20324
246 5.20324
247 5.20324
248 5.20324
249 5.20324
250 5.20324
251 5.20324
252 5.20324
253 5.20324
254 5.20324
255 5.20324
256 5.20324
257 5.20324
258 5.20324
259 5.20324
260 5.20324
261 5.20324
262 5.20324
263 5.20324
264 5.20324
265 5.20324
266 5.20324
267 5.20324
268 5.20324
269 5.20324
270 5.20324
271 5.20324
272 5.20324
273 5.20324
274 5.20324
275 5.20324
276 5.20324
277 5.20324
278 5.20324
279 5.20324
280 5.20324
281 5.20324
282 5.20324
283 5.20324
284 5.20324
285 5.20324
286 5.20324
287 5.20324
288 5.20324
289 5.20324
290 5.20324
291 5.20324
292 5.20324
293 5.20324
294 5.20324
295 5.20324
296 5.20324
297 5.20324
298 5.20324
299 5.20324
300 5.20324
301 5.20324
302 5.20324
303 5.20324
304 5.20324
305 5.20324
306 5.20324
307 5.20324
308 5.20324
309 5.20324
310 5.20324
311 5.20324
312 5.20324
313 5.20324
314 5.20324
315 5.20324
316 5.20324
317 5.20324
318 5.20324
319 5.20324
320 5.20324
321 5.20324
322 5.20324
323 5.20324
324 5.20324
325 5.20324
326 5.20324
327 5.20324
328 5.20324
329 5.20324
330 5.20324
331 5.20324
332 5.20324
333 5.20324
334 5.20324
335 5.20324
336 5.20324
337 5.20324
338 5.20324
339 5.20324
340 5.20324
341 5.20324
342 5.20324
343 5.20324
344 5.20324
345 5.20324
346 5.20324
347 5.20324
348 5.20324
349 5.20324
350 5.20324
351 5.20324
352 5.20324
353 5.20324
354 5.20324
355 5.20324
356 5.20324
357 5.20324
358 5.20324
359 5.20324
360 5.20324
361 5.20324
362 5.20324
363 5.20324
364 5.20324
365 5.20324
366 5.20324
367 5.20324
368 5.20324
369 5.20324
370 5.20324
371 5.20324
372 5.20324
373 5.20324
374 5.20324
375 5.20324
376 5.20324
377 5.20324
378 5.20324
379 5.20324
380 5.20324
381 5.20324
382 5.20324
383 5.20324
384 5.20324
385 5.20324
386 5.20324
387 5.20324
388 5.20324
389 5.20324
390 5.20324
391 5.20324
392 5.20324
393 5.20324
394 5.20324
395 5.20324
396 5.20324
397 5.20324
398 5.20324
399 5.20324
400 4.66067
401 4.66067
402 4.66067
403 4.66067
404 4.66067
405 4.66067
406 4.66067
407 4.66067
408 4.66067
409 4.66067
410 4.66067
411 4.66067
412 4.66067
413 4.66067
414 4.66067
415 4.66067
416 4.66067
417 4.66067
418 4.66067
419 4.66067
420 4.66067
421 4.66067
422 4.66067
423 4.66067
424 4.66067
425 4.66067
426 4.66067
427 4.66067
428 4.66067
429 4.66067
430 4.66067
431 4.66067
432 4.66067
433 4.66067
434 4.66067
435 4.66067
436 4.66067
437 4.66067
438 4.66067
439 4.66067
440 4.66067
441 4.66067
442 4.66067
443 4.66067
444 4.66067
445 4.66067
446 4.66067
447 4.66067
448 4.66067
449 4.66067
450 4.66067
451 4.66067
452 4.66067
453 4.66067
454 4.66067
455 4.66067
456 4.66067
457 4.66067
458 4.66067
459 4.66067
460 4.66067
461 4.66067
462 4.66067
463 4.66067
464 4.66067
465 4.66067
466 4.66067
467 4.66067
468 4.66067
469 4.66067
470 4.66067
471 4.66067
472 4.66067
473 4.66067
474 4.66067
475 4.66067
476 4.66067
477 4.66067
478 4.66067
479 4.66067
480 4.66067
481 4.66067
482 4.66067
483 4.66067
484 4.66067
485 4.66067
486 4.66067
487 4.66067
488 4.66067
489 4.66067
490 4.66067
491 4.66067
492 4.66067
493 4.66067
494 4.66067
495 4.66067
496 4.66067
497 4.66067
498 4.66067
499 4.66067
500 4.66067
501 4.66067
502 4.66067
503 4.66067
504 4.66067
505 4.66067
506 4.66067
507 4.66067
508 4.66067
509 4.66067
510 4.66067
511 4.66067
512 4.66067
513 4.66067
514 4.66067
515 4.66067
516 4.66067
517 4.66067
518 4.66067
519 4.66067
520 4.66067
521 4.66067
522 4.66067
523 4.66067
524 4.66067
525 4.66067
526 4.66067
527 4.66067
528 4.66067
529 4.66067
530 4.66067
531 4.66067
532 4.66067
533 4.66067
534 4.66067
535 4.66067
536 4.66067
537 4.66067
538 4.66067
539 4.66067
540 4.66067
541 4.66067
542 4.66067
543 4.66067
544 4.66067
545 4.66067
546 4.66067
547 4.66067
548 4.66067
549 4.66067
550 4.66067
551 4.66067
552 4.66067
553 4.66067
554 4.66067
555 4.66067
556 4.66067
557 4.66067
558 4.66067
559 4.66067
560 4.66067
561 4.66067
562 4.66067
563 4.66067
564 4.66067
565 4.66067
566 4.66067
567 4.66067
568 4.66067
569 4.66067
570 4.66067
571 4.66067
572 4.66067
573 4.66067
574 4.66067
575 4.66067
576 4.66067
577 4.66067
578 4.66067
579 4.66067
580 4.66067
581 4.66067
582 4.66067
583 4.66067
584 4.66067
585 4.66067
586 4.66067
587 4.66067
588 4.66067
589 4.66067
590 4.66067
591 4.66067
592 4.66067
593 4.66067
594 4.66067
595 4.66067
596 4.66067
597 4.66067
598 4.66067
599 4.66067
600 4.66067
601 4.66067
602 4.66067
603 4.66067
604 4.66067
605 4.66067
606 4.66067
607 4.66067
608 4.66067
609 4.66067
610 4.66067
611 4.66067
612 4.66067
613 4.66067
614 4.66067
615 4.66067
616 4.66067
617 4.66067
618 4.66067
619 4.66067
620 4.66067
621 4.66067
622 4.66067
623 4.66067
624 4.66067
625 4.66067
626 4.66067
627 4.66067
628 4.66067
629 4.66067
630 4.66067
631 4.66067
632 4.66067
633 4.66067
634 4.66067
635 4.66067
636 4.66067
637 4.66067
638 4.66067
639 4.66067
640 4.66067
641 4.66067
642 4.66067
643 4.66067
644 4.66067
645 4.66067
646 4.66067
647 4.66067
648 4.66067
649 4.66067
650 4.66067
651 4.66067
652 4.66067
653 4.66067
654 4.66067
655 4.66067
656 4.66067
657 4.66067
658 4.66067
659 4.66067
660 4.66067
661 4.66067
662 4.66067
663 4.66067
664 4.66067
665 4.66067
666 4.66067
667 4.66067
668 4.66067
669 4.66067
670 4.66067
671 4.66067
672 4.66067
673 4.66067
674 4.66067
675 4.66067
676 4.66067
677 4.66067
678 4.66067
679 4.66067
680 4.66067
681 4.66067
682 4.66067
683 4.66067
684 4.66067
685 4.66067
686 4.66067
687 4.66067
688 4.66067
689 4.66067
690 4.66067
691 4.66067
692 4.66067
693 4.66067
694 4.66067
695 4.66067
696 4.66067
697 4.66067
698 4.66067
699 4.66067
700 4.66067
701 4.66067
702 4.66067
703 4.66067
704 4.66067
705 4.66067
706 4.66067
707 4.66067
708 4.66067
709 4.66067
710 4.66067
711 4.66067
712 4.66067
713 4.66067
714 4.66067
715 4.66067
716 4.66067
717 4.66067
718 4.66067
719 4.66067
720 4.66067
721 4.66067
722 4.66067
723 4.66067
724 4.66067
725 4.66067
726 4.66067
727 4.66067
728 4.66067
729 4.66067
730 4.66067
731 4.66067
732 4.66067
733 4.66067
734 4.66067
735 4.66067
736 4.66067
737 4.66067
738 4.66067
739 4.66067
740 4.66067
741 4.66067
742 4.66067
743 4.66067
744 4.66067
745 4.66067
746 4.66067
747 4.66067
748 4.66067
749 4.66067
750 4.66067
751 4.66067
752 4.66067
753 4.66067
754 4.66067
755 4.66067
756 4.66067
757 4.66067
758 4.66067
759 4.66067
760 4.66067
761 4.66067
762 4.66067
763 4.66067
764 4.66067
765 4.66067
766 4.66067
767 4.66067
768 4.66067
769 4.66067
770 4.66067
771 4.66067
772 4.66067
773 4.66067
774 4.66067
775 4.66067
776 4.66067
777 4.66067
778 4.66067
779 4.66067
780 4.66067
781 4.66067
782 4.66067
783 4.66067
784 4.66067
785 4.66067
786 4.66067
787 4.66067
788 4.66067
789 4.66067
790 4.66067
791 4.66067
792 4.66067
793 4.66067
794 4.66067
795 4.66067
796 4.66067
797 4.66067
798 4.66067
799 4.66067
800 4.66067
801 4.66067
802 4.66067
803 4.66067
804 4.66067
805 4.66067
806 4.66067
807 4.66067
808 4.66067
809 4.66067
810 4.66067
811 4.66067
812 4.66067
813 4.66067
814 4.66067
815 4.66067
816 4.66067
817 4.66067
818 4.66067
819 4.66067
820 4.66067
821 4.66067
822 4.66067
823 4.66067
824 4.66067
825 4.66067
826 4.66067
827 4.66067
828 4.66067
829 4.66067
830 4.66067
831 4.66067
832 4.66067
833 4.66067
834 4.66067
835 4.66067
836 4.66067
837 4.66067
838 4.66067
839 4.66067
840 4.66067
841 4.66067
842 4.66067
843 4.66067
844 4.66067
845 4.66067
846 4.66067
847 4.66067
848 4.66067
849 4.66067
850 4.66067
851 4.66067
852 4.66067
853 4.66067
854 4.66067
855 4.66067
856 4.66067
857 4.66067
858 4.66067
859 4.66067
860 4.66067
861 4.66067
862 4.66067
863 4.66067
864 4.66067
865 4.66067
866 4.66067
867 4.66067
868 4.66067
869 4.66067
870 4.66067
871 4.66067
872 4.66067
873 4.66067
874 4.66067
875 4.66067
876 4.66067
877 4.66067
878 4.66067
879 4.66067
880 4.66067
881 4.66067
882 4.66067
883 4.66067
884 4.66067
885 4.66067
886 4.66067
887 4.66067
888 4.66067
889 4.66067
890 4.66067
891 4.66067
892 4.66067
893 4.66067
894 4.66067
895 4.66067
896 4.66067
897 4.66067
898 4.66067
899 4.66067
900 4.66067
901 4.66067
902 4.66067
903 4.66067
904 4.66067
905 4.66067
906 4.66067
907 4.66067
908 4.66067
909 4.66067
910 4.66067
911 4.66067
912 4.66067
913 4.66067
914 4.66067
915 4.66067
916 4.66067
917 4.66067
918 4.66067
919 4.66067
920 4.66067
921 4.66067
922 4.66067
923 4.66067
924 4.66067
925 4.66067
926 4.66067
927 4.66067
928 4.66067
929 4.66067
930 4.66067
931 4.66067
932 4.66067
933 4.66067
934 4.66067
935 4.66067
936 4.66067
937 4.66067
938 4.66067
939 4.66067
940 4.66067
941 4.66067
942 4.66067
943 4.66067
944 4.66067
945 4.66067
946 4.66067
947 4.66067
948 4.66067
949 4.66067
950 4.66067
951 4.66067
952 4.66067
953 4.66067
954 4.66067
955 4.66067
956 4.66067
957 4.66067
958 4.66067
959 4.66067
960 4.66067
961 4.66067
962 4.66067
963 4.66067
964 4.66067
965 4.66067
966 4.66067
967 4.66067
968 4.66067
969 4.66067
970 4.66067
971 4.66067
972 4.66067
973 4.66067
974 4.66067
975 4.66067
976 4.66067
977 4.66067
978 4.66067
979 4.66067
980 4.66067
981 4.66067
982 4.66067
983 4.66067
984 4.66067
985 4.66067
986 4.66067
987 4.66067
988 4.66067
989 4.66067
990 4.66067
991 4.66067
992 4.66067
993 4.66067
994 4.66067
995 4.66067
996 4.66067
997 4.66067
998 4.66067
999 4.66067
