0 16.3787
1 14.7657
2 13.4782
3 12.6403
4 11.9738
5 11.6138
6 10.9213
7 10.4241
8 10.2038
9 9.96647
10 9.32254
11 8.74439
12 8.45619
13 8.0685
14 8.05242
15 7.70209
16 7.70209
17 7.70209
18 7.70209
19 7.70209
20 7.68697
21 7.68697
22 7.68697
23 7.54939
24 7.54939
25 7.5436
26 7.37709
27 7.36376
28 7.28348
29 7.28348
30 7.28348
31 7.28348
32 7.16223
33 7.15283
34 7.15283
35 7.15283
36 7.15283
37 7.15283
38 6.90553
39 6.70949
40 6.70949
41 6.70949
42 6.70949
43 6.62759
44 6.60441
45 6.60441
46 6.51414
47 6.5015
48 6.5015
49 6.5015
50 6.5015
51 6.5015
52 6.5015
53 6.5015
54 6.5015
55 6.5015
56 6.49996
57 6.4736
58 6.10798
59 6.10798
60 6.05082
61 6.05082
62 6.02891
63 5.97446
64 5.95079
65 5.95079
66 5.95079
67 5.95079
68 5.95079
69 5.95079
70 5.95079
71 5.95079
72 5.95079
73 5.95079
74 5.95079
75 5.95079
76 5.95079
77 5.95079
78 5.95079
79 5.95079
80 5.95079
81 5.94195
82 5.94195
83 5.94195
84 5.94195
85 5.94195
86 5.94195
87 5.72466
88 5.72466
89 5.72466
90 5.72466
91 5.72466
92 5.70376
93 5.68595
94 5.68595
95 5.68595
96 5.5923
97 5.5923
98 5.5923
99 5.5923
100 5.5923
101 5.5923
102 5.5923
103 5.5923
104 5.5923
105 5.30867
106 5.30867
107 5.30867
108 5.30867
109 5.30867
110 5.30867
111 5.30867
112 5.30867
113 5.30867
114 5.30867
115 5.30867
116 5.30867
117 5.30867
118 5.26691
119 5.26691
120 5.26691
121 5.26691
122 5.26691
123 5.26691
124 5.26691
125 5.26691
126 5.26691
127 5.26691
128 5.26691
129 5.26691
130 5.26691
131 5.26691
132 5.26691
133 5.26691
134 5.26691
135 5.26691
136 5.26691
137 5.26691
138 5.26691
139 5.26691
140 5.26691
141 5.26691
142 5.26691
143 5.26691
144 5.26691
145 5.26691
146 5.26691
147 5.26691
148 5.26691
149 5.26691
150 5.26691
151 5.26691
152 5.26691
153 5.26691
154 5.26691
155 5.26691
156 5.26691
157 5.26691
158 5.26691
159 5.26691
160 5.26691
161 5.26691
162 5.26691
163 5.26691
164 5.26691
165 5.26691
166 5.26691
167 5.26691
168 5.26691
169 5.26691
170 5.26691
171 5.26691
172 5.26691
173 5.26691
174 5.26691
175 5.26691
176 5.26691
177 5.26691
178 5.26691
179 5.26691
180 5.26691
181 5.26691
182 5.26691
183 5.26691
184 5.26691
185 5.26691
186 5.26691
187 5.26691
188 5.26691
189 5.26691
190 5.26691
191 5.26691
192 5.26691
193 5.26691
194 5.26691
195 5.26691
196 5.26691
197 5.26691
198 5.26691
199 5.26691
200 5.26691
201 5.26691
202 5.26691
203 5.26691
204 5.26691
205 5.26691
206 5.26691
207 5.26691
208 5.26691
209 5.26691
210 5.26691
211 5.26691
212 5.26691
213 5.26691
214 5.26691
215 5.26691
216 5.26691
217 5.26691
218 5.26691
219 5.26691
220 5.26691
221 5.26691
222 5.26691
223 5.26691
224 5.26691
225 5.26691
226 5.26691
227 5.26691
228 5.26691
229 5.26691
230 5.26691
231 5.26691
232 5.26691
233 5.26691
234 5.26691
235 5.26691
236 5.26691
237 5.26691
238 5.26691
239 5.26691
240 5.26691
241 5.26691
242 5.26691
243 5.26691
244 5.26691
245 5.26691
246 5.26691
247 5.26691
248 5.26691
249 5.26691
250 5.26691
251 5.26691
252 5.26691
253 5.26691
254 5.26691
255 5.26691
256 5.26691
257 5.26691
258 5.26691
259 5.26691
260 5.26691
261 5.26691
262 5.26691
263 5.26691
264 5.26691
265 5.26691
266 5.26691
267 5.26691
268 5.26691
269 5.26691
270 5.26691
271 5.26691
272 5.26691
273 5.26691
274 5.26691
275 5.26691
276 5.26691
277 5.26691
278 5.26691
279 5.26691
280 5.26691
281 5.26691
282 5.26691
283 5.26691
284 5.26691
285 5.26691
286 5.26691
287 5.26691
288 5.26691
289 5.26691
290 5.26691
291 5.26691
292 5.26691
293 5.26691
294 5.26691
295 5.26691
296 5.26691
297 5.26691
298 5.26691
299 5.26691
300 5.20324
301 5.20324
302 5.20324
303 5.20324
304 5.20324
305 5.20324
306 5.20324
307 5.20324
308 5.20324
309 5.20324
310 5.20324
311 5.20324
312 5.20324
313 5.20324
314 5.20324
315 5.20324
316 5.20324
317 5.20324
318 5.20324
319 5.20324
320 5.20324
321 5.20324
322 5.20324
323 5.20324
324 5.20324
325 5.20324
326 5.20324
327 5.20324
328 5.20324
329 5.20324
330 5.20324
331 5.20324
332 5.20324
333 5.20324
334 5.20324
335 5.20324
336 5.20324
337 5.20324
338 5.20324
339 5.20324
340 5.20324
341 5.20324
342 5.20324
343 5.20324
344 5.20324
345 5.20324
346 5.20324
347 5.20324
348 5.20324
349 5.20324
350 5.20324
351 5.20324
352 5.20324
353 5.20324
354 5.20324
355 5.20324
356 5.20324
357 5.20324
358 5.20324
359 5.20324
360 5.20324
361 5.20324
362 5.20324
363 5.20324
364 5.20324
365 5.20324
366 5.20324
367 5.20324
368 5.20324
369 5.20324
370 5.20324
371 5.20324
372 5.20324
373 5.20324
374 5.20324
375 5.20324
376 5.20324
377 5.20324
378 5.20324
379 5.20324
380 5.20324
381 5.20324
382 5.20324
383 5.20324
384 5.20324
385 5.20324
386 5.20324
387 5.20324
388 5.20324
389 5.20324
390 5.20324
391 5.20324
392 5.20324
393 5.20324
394 5.20324
395 5.20324
396 5.20324
397 5.20324
398 5.20324
399 5.20324
400 4.66067
401 4.66067
402 4.66067
403 4.66067
404 4.66067
405 4.66067
406 4.66067
407 4.66067
408 4.66067
409 4.66067
410 4.66067
411 4.66067
412 4.66067
413 4.66067
414 4.66067
415 4.66067
416 4.66067
417 4.66067
418 4.66067
419 4.66067
420 4.66067
421 4.66067
422 4.66067
423 4.66067
424 4.66067
425 4.66067
426 4.66067
427 4.66067
428 4.66067
429 4.66067
430 4.66067
431 4.66067
432 4.66067
433 4.66067
434 4.66067
435 4.66067
436 4.66067
437 4.66067
438 4.66067
439 4.66067
440 4.66067
441 4.66067
442 4.66067
443 4.66067
444 4.66067
445 4.66067
446 4.66067
447 4.66067
448 4.66067
449 4.66067
450 4.66067
451 4.66067
452 4.66067
453 4.66067
454 4.66067
455 4.66067
456 4.66067
457 4.66067
458 4.66067
459 4.66067
460 4.66067
461 4.66067
462 4.66067
463 4.66067
464 4.66067
465 4.66067
466 4.66067
467 4.66067
468 4.66067
469 4.66067
470 4.66067
471 4.66067
472 4.66067
473 4.66067
474 4.66067
475 4.66067
476 4.66067
477 4.66067
478 4.66067
479 4.66067
480 4.66067
481 4.66067
482 4.66067
483 4.66067
484 4.66067
485 4.66067
486 4.66067
487 4.66067
488 4.66067
489 4.66067
490 4.66067
491 4.66067
492 4.66067
493 4.66067
494 4.66067
495 4.66067
496 4.66067
497 4.66067
498 4.66067
499 4.66067
500 4.66067
501 4.66067
502 4.66067
503 4.66067
504 4.66067
505 4.66067
506 4.66067
507 4.66067
508 4.66067
509 4.66067
510 4.66067
511 4.66067
512 4.66067
513 4.66067
514 4.66067
515 4.66067
516 4.66067
517 4.66067
518 4.66067
519 4.66067
520 4.66067
521 4.66067
522 4.66067
523 4.66067
524 4.66067
525 4.66067
526 4.66067
527 4.66067
528 4.66067
529 4.66067
530 4.66067
531 4.66067
532 4.66067
533 4.66067
534 4.66067
535 4.66067
536 4.66067
537 4.66067
538 4.66067
539 4.66067
540 4.66067
541 4.66067
542 4.66067
543 4.66067
544 4.66067
545 4.66067
546 4.66067
547 4.66067
548 4.66067
549 4.66067
550 4.66067
551 4.66067
552 4.66067
553 4.66067
554 4.66067
555 4.66067
556 4.66067
557 4.66067
558 4.66067
559 4.66067
560 4.66067
561 4.66067
562 4.66067
563 4.66067
564 4.66067
565 4.66067
566 4.66067
567 4.66067
568 4.66067
569 4.66067
570 4.66067
571 4.66067
572 4.66067
573 4.66067
574 4.66067
575 4.66067
576 4.66067
577 4.66067
578 4.66067
579 4.66067
580 4.66067
581 4.66067
582 4.66067
583 4.66067
584 4.66067
585 4.66067
586 4.66067
587 4.66067
588 4.66067
589 4.66067
590 4.66067
591 4.66067
592 4.66067
593 4.66067
594 4.66067
595 4.66067
596 4.66067
597 4.66067
598 4.66067
599 4.66067
600 4.66067
601 4.66067
602 4.66067
603 4.66067
604 4.66067
605 4.66067
606 4.66067
607 4.66067
608 4.66067
609 4.66067
610 4.66067
611 4.66067
612 4.66067
613 4.66067
614 4.66067
615 4.66067
616 4.66067
617 4.66067
618 4.66067
619 4.66067
620 4.66067
621 4.66067
622 4.66067
623 4.66067
624 4.66067
625 4.66067
626 4.66067
627 4.66067
628 4.66067
629 4.66067
630 4.66067
631 4.66067
632 4.66067
633 4.66067
634 4.66067
635 4.66067
636 4.66067
637 4.66067
638 4.66067
639 4.66067
640 4.66067
641 4.66067
642 4.66067
643 4.66067
644 4.66067
645 4.66067
646 4.66067
647 4.66067
648 4.66067
649 4.66067
650 4.66067
651 4.66067
652 4.66067
653 4.66067
654 4.66067
655 4.66067
656 4.66067
657 4.66067
658 4.66067
659 4.66067
660 4.66067
661 4.66067
662 4.66067
663 4.66067
664 4.66067
665 4.66067
666 4.66067
667 4.66067
668 4.66067
669 4.66067
670 4.66067
671 4.66067
672 4.66067
673 4.66067
674 4.66067
675 4.66067
676 4.66067
677 4.66067
678 4.66067
679 4.66067
680 4.66067
681 4.66067
682 4.66067
683 4.66067
684 4.66067
685 4.66067
686 4.66067
687 4.66067
688 4.66067
689 4.66067
690 4.66067
691 4.66067
692 4.66067
693 4.66067
694 4.66067
695 4.66067
696 4.66067
697 4.66067
698 4.66067
699 4.66067
700 4.66067
701 4.66067
702 4.66067
703 4.66067
704 4.66067
705 4.66067
706 4.66067
707 4.66067
708 4.66067
709 4.66067
710 4.66067
711 4.66067
712 4.66067
713 4.66067
714 4.66067
715 4.66067
716 4.66067
717 4.66067
718 4.66067
719 4.66067
720 4.66067
721 4.66067
722 4.66067
723 4.66067
724 4.66067
725 4.66067
726 4.66067
727 4.66067
728 4.66067
729 4.66067
730 4.66067
731 4.66067
732 4.66067
733 4.66067
734 4.66067
735 4.66067
736 4.66067
737 4.66067
738 4.66067
739 4.66067
740 4.66067
741 4.66067
742 4.66067
743 4.66067
744 4.66067
745 4.66067
746 4.66067
747 4.66067
748 4.66067
749 4.66067
750 4.66067
751 4.66067
752 4.66067
753 4.66067
754 4.66067
755 4.66067
756 4.66067
757 4.66067
758 4.66067
759 4.66067
760 4.66067
761 4.66067
762 4.66067
763 4.66067
764 4.66067
765 4.66067
766 4.66067
767 4.66067
768 4.66067
769 4.66067
770 4.66067
771 4.66067
772 4.66067
773 4.66067
774 4.66067
775 4.66067
776 4.66067
777 4.66067
778 4.66067
779 4.66067
780 4.66067
781 4.66067
782 4.66067
783 4.66067
784 4.66067
785 4.66067
786 4.66067
787 4.66067
788 4.66067
789 4.66067
790 4.66067
791 4.66067
792 4.66067
793 4.66067
794 4.66067
795 4.66067
796 4.66067
797 4.66067
798 4.66067
799 4.66067
800 4.66067
801 4.66067
802 4.66067
803 4.66067
804 4.66067
805 4.66067
806 4.66067
807 4.66067
808 4.66067
809 4.66067
810 4.66067
811 4.66067
812 4.66067
813 4.66067
814 4.66067
815 4.66067
816 4.66067
817 4.66067
818 4.66067
819 4.66067
820 4.66067
821 4.66067
822 4.66067
823 4.66067
824 4.66067
825 4.66067
826 4.66067
827 4.66067
828 4.66067
829 4.66067
830 4.66067
831 4.66067
832 4.66067
833 4.66067
834 4.66067
835 4.66067
836 4.66067
837 4.66067
838 4.66067
839 4.66067
840 4.66067
841 4.66067
842 4.66067
843 4.66067
844 4.66067
845 4.66067
846 4.66067
847 4.66067
848 4.66067
849 4.66067
850 4.66067
851 4.66067
852 4.66067
853 4.66067
854 4.66067
855 4.66067
856 4.66067
857 4.66067
858 4.66067
859 4.66067
860 4.66067
861 4.66067
862 4.66067
863 4.66067
864 4.66067
865 4.66067
866 4.66067
867 4.66067
868 4.66067
869 4.66067
870 4.66067
871 4.66067
872 4.66067
873 4.66067
874 4.66067
875 4.66067
876 4.66067
877 4.66067
878 4.66067
879 4.66067
880 4.66067
881 4.66067
882 4.66067
883 4.66067
884 4.66067
885 4.66067
886 4.66067
887 4.66067
888 4.66067
889 4.66067
890 4.66067
891 4.66067
892 4.66067
893 4.66067
894 4.66067
895 4.66067
896 4.66067
897 4.66067
898 4.66067
899 4.66067
900 4.66067
901 4.66067
902 4.66067
903 4.66067
904 4.66067
905 4.66067
906 4.66067
907 4.66067
908 4.66067
909 4.66067
910 4.66067
911 4.66067
912 4.66067
913 4.66067
914 4.66067
915 4.66067
916 4.66067
917 4.66067
918 4.66067
919 4.66067
920 4.66067
921 4.66067
922 4.66067
923 4.66067
924 4.66067
925 4.66067
926 4.66067
927 4.66067
928 4.66067
929 4.66067
930 4.66067
931 4.66067
932 4.66067
933 4.66067
934 4.66067
935 4.66067
936 4.66067
937 4.66067
938 4.66067
939 4.66067
940 4.66067
941 4.66067
942 4.66067
943 4.66067
944 4.66067
945 4.66067
946 4.66067
947 4.66067
948 4.66067
949 4.66067
950 4.66067
951 4.66067
952 4.66067
953 4.66067
954 4.66067
955 4.66067
956 4.66067
957 4.66067
958 4.66067
959 4.66067
960 4.66067
961 4.66067
962 4.66067
963 4.66067
964 4.66067
965 4.66067
966 4.66067
967 4.66067
968 4.66067
969 4.66067
970 4.66067
971 4.66067
972 4.66067
973 4.66067
974 4.66067
975 4.66067
976 4.66067
977 4.66067
978 4.66067
979 4.66067
980 4.66067
981 4.66067
982 4.66067
983 4.66067
984 4.66067
985 4.66067
986 4.66067
987 4.66067
988 4.66067
989 4.66067
990 4.66067
991 4.66067
992 4.66067
993 4.66067
994 4.66067
995 4.66067
996 4.66067
997 4.66067
998 4.66067
999 4.66067
