0 15.4223
1 14.8472
2 13.7564
3 13.1585
4 12.5811
5 12.3177
6 11.3801
7 10.8068
8 10.0826
9 9.3231
10 9.2154
11 9.17035
12 9.07306
13 8.91459
14 8.8405
15 8.69205
16 8.66638
17 8.66638
18 8.54493
19 8.46109
20 8.34796
21 8.3046
22 8.05472
23 7.85351
24 7.85351
25 7.58044
26 7.43518
27 7.43518
28 7.28089
29 7.20312
30 7.20312
31 7.20312
32 6.8948
33 6.8948
34 6.8948
35 6.8948
36 6.8948
37 6.8948
38 6.8948
39 6.8948
40 6.8948
41 6.8948
42 6.8948
43 6.8948
44 6.88939
45 6.88939
46 6.88939
47 6.88939
48 6.88939
49 6.88939
50 6.88939
51 6.88939
52 6.88939
53 6.88939
54 6.88939
55 6.88939
56 6.88939
57 6.60602
58 6.60602
59 6.60602
60 6.60602
61 6.60602
62 6.60602
63 6.58708
64 6.58708
65 6.58708
66 6.58708
67 6.58708
68 6.58708
69 6.58708
70 6.58708
71 6.58708
72 6.58708
73 6.58708
74 6.58708
75 6.58708
76 6.58708
77 6.58708
78 6.58708
79 6.58708
80 6.58708
81 6.58708
82 6.58708
83 6.58708
84 6.58708
85 6.58708
86 6.58708
87 6.58708
88 6.58708
89 6.58708
90 6.58708
91 6.58708
92 6.58708
93 6.58708
94 6.58708
95 6.55747
96 6.55747
97 6.55747
98 6.55747
99 6.55747
100 5.25671
101 5.19931
102 4.941
103 4.941
104 4.941
105 4.87731
106 4.87731
107 4.87731
108 4.87731
109 4.87731
110 4.87731
111 4.87731
112 4.87731
113 4.87731
114 4.87731
115 4.87731
116 4.87731
117 4.87731
118 4.87731
119 4.87731
120 4.87731
121 4.87731
122 4.87731
123 4.87731
124 4.87731
125 4.87731
126 4.87731
127 4.87731
128 4.87731
129 4.87731
130 4.87731
131 4.87731
132 4.87731
133 4.87731
134 4.87731
135 4.87731
136 4.87731
137 4.87731
138 4.87731
139 4.87731
140 4.87731
141 4.87731
142 4.87731
143 4.87731
144 4.87731
145 4.87731
146 4.87731
147 4.87731
148 4.87731
149 4.87731
150 4.87731
151 4.87731
152 4.87731
153 4.87731
154 4.87731
155 4.87731
156 4.87731
157 4.87731
158 4.87731
159 4.87731
160 4.87731
161 4.87731
162 4.87731
163 4.87731
164 4.87731
165 4.87731
166 4.87731
167 4.87731
168 4.87731
169 4.85875
170 4.85875
171 4.85875
172 4.85875
173 4.85875
174 4.85875
175 4.85875
176 4.85875
177 4.85875
178 4.85875
179 4.85875
180 4.85875
181 4.85875
182 4.85875
183 4.85875
184 4.85875
185 4.85875
186 4.85875
187 4.85875
188 4.85875
189 4.85875
190 4.85875
191 4.85875
192 4.85875
193 4.85875
194 4.85875
195 4.85875
196 4.85875
197 4.85875
198 4.85875
199 4.85875
200 4.85875
201 4.85875
202 4.85875
203 4.85875
204 4.77803
205 4.77803
206 4.77803
207 4.72293
208 4.72293
209 4.72293
210 4.72293
211 4.72293
212 4.72293
213 4.72293
214 4.72293
215 4.72293
216 4.72293
217 4.72293
218 4.72293
219 4.72293
220 4.72293
221 4.72293
222 4.72293
223 4.72293
224 4.72293
225 4.72293
226 4.72293
227 4.72293
228 4.72293
229 4.72293
230 4.72293
231 4.72293
232 4.72293
233 4.72293
234 4.72293
235 4.72293
236 4.66154
237 4.66154
238 4.66154
239 4.66154
240 4.66154
241 4.66154
242 4.66154
243 4.66154
244 4.66154
245 4.66154
246 4.66154
247 4.66154
248 4.66154
249 4.66154
250 4.66154
251 4.66154
252 4.66154
253 4.66154
254 4.66154
255 4.66154
256 4.66154
257 4.66154
258 4.66154
259 4.66154
260 4.66154
261 4.66154
262 4.66154
263 4.66154
264 4.66154
265 4.66154
266 4.66154
267 4.66154
268 4.66154
269 4.66154
270 4.66154
271 4.66154
272 4.66154
273 4.66154
274 4.66154
275 4.66154
276 4.66154
277 4.66154
278 4.66154
279 4.66154
280 4.66154
281 4.66154
282 4.66154
283 4.66154
284 4.66154
285 4.66154
286 4.66154
287 4.66154
288 4.66154
289 4.66154
290 4.66154
291 4.66154
292 4.66154
293 4.66154
294 4.66154
295 4.66154
296 4.66154
297 4.66154
298 4.66154
299 4.66154
300 4.66154
301 4.66154
302 4.66154
303 4.66154
304 4.66154
305 4.66154
306 4.66154
307 4.66154
308 4.66154
309 4.66154
310 4.66154
311 4.66154
312 4.66154
313 4.66154
314 4.66154
315 4.66154
316 4.66154
317 4.66154
318 4.66154
319 4.66154
320 4.66154
321 4.66154
322 4.66154
323 4.66154
324 4.66154
325 4.66154
326 4.66154
327 4.66154
328 4.66154
329 4.66154
330 4.66154
331 4.66154
332 4.66154
333 4.66154
334 4.66154
335 4.66154
336 4.66154
337 4.66154
338 4.66154
339 4.66154
340 4.66154
341 4.66154
342 4.66154
343 4.66154
344 4.66154
345 4.66154
346 4.66154
347 4.66154
348 4.66154
349 4.66154
350 4.66154
351 4.66154
352 4.66154
353 4.66154
354 4.66154
355 4.66154
356 4.66154
357 4.66154
358 4.66154
359 4.66154
360 4.66154
361 4.66154
362 4.66154
363 4.66154
364 4.66154
365 4.66154
366 4.66154
367 4.66154
368 4.66154
369 4.66154
370 4.66154
371 4.66154
372 4.66154
373 4.66154
374 4.66154
375 4.66154
376 4.66154
377 4.66154
378 4.66154
379 4.66154
380 4.66154
381 4.66154
382 4.66154
383 4.66154
384 4.66154
385 4.66154
386 4.66154
387 4.66154
388 4.66154
389 4.66154
390 4.66154
391 4.66154
392 4.66154
393 4.66154
394 4.66154
395 4.66154
396 4.66154
397 4.66154
398 4.66154
399 4.66154
400 4.66154
401 4.66154
402 4.66154
403 4.66154
404 4.66154
405 4.66154
406 4.66154
407 4.66154
408 4.66154
409 4.66154
410 4.66154
411 4.66154
412 4.66154
413 4.66154
414 4.66154
415 4.66154
416 4.66154
417 4.66154
418 4.66154
419 4.66154
420 4.66154
421 4.66154
422 4.66154
423 4.66154
424 4.66154
425 4.66154
426 4.66154
427 4.66154
428 4.66154
429 4.66154
430 4.66154
431 4.66154
432 4.66154
433 4.66154
434 4.66154
435 4.66154
436 4.66154
437 4.66154
438 4.66154
439 4.66154
440 4.66154
441 4.66154
442 4.66154
443 4.66154
444 4.66154
445 4.66154
446 4.66154
447 4.66154
448 4.66154
449 4.66154
450 4.66154
451 4.66154
452 4.66154
453 4.66154
454 4.66154
455 4.66154
456 4.66154
457 4.66154
458 4.66154
459 4.66154
460 4.66154
461 4.66154
462 4.66154
463 4.66154
464 4.66154
465 4.66154
466 4.66154
467 4.66154
468 4.66154
469 4.66154
470 4.66154
471 4.66154
472 4.66154
473 4.66154
474 4.66154
475 4.66154
476 4.66154
477 4.66154
478 4.66154
479 4.66154
480 4.66154
481 4.66154
482 4.66154
483 4.66154
484 4.66154
485 4.66154
486 4.66154
487 4.66154
488 4.66154
489 4.66154
490 4.66154
491 4.66154
492 4.66154
493 4.66154
494 4.66154
495 4.66154
496 4.66154
497 4.66154
498 4.66154
499 4.66154
500 4.66067
501 4.66067
502 4.66067
503 4.66067
504 4.66067
505 4.66067
506 4.66067
507 4.66067
508 4.66067
509 4.66067
510 4.66067
511 4.66067
512 4.66067
513 4.66067
514 4.66067
515 4.66067
516 4.66067
517 4.66067
518 4.66067
519 4.66067
520 4.66067
521 4.66067
522 4.66067
523 4.66067
524 4.66067
525 4.66067
526 4.66067
527 4.66067
528 4.66067
529 4.66067
530 4.66067
531 4.66067
532 4.66067
533 4.66067
534 4.66067
535 4.66067
536 4.66067
537 4.66067
538 4.66067
539 4.66067
540 4.66067
541 4.66067
542 4.66067
543 4.66067
544 4.66067
545 4.66067
546 4.66067
547 4.66067
548 4.66067
549 4.66067
550 4.66067
551 4.66067
552 4.66067
553 4.66067
554 4.66067
555 4.66067
556 4.66067
557 4.66067
558 4.66067
559 4.66067
560 4.66067
561 4.66067
562 4.66067
563 4.66067
564 4.66067
565 4.66067
566 4.66067
567 4.66067
568 4.66067
569 4.66067
570 4.66067
571 4.66067
572 4.66067
573 4.66067
574 4.66067
575 4.66067
576 4.66067
577 4.66067
578 4.66067
579 4.66067
580 4.66067
581 4.66067
582 4.66067
583 4.66067
584 4.66067
585 4.66067
586 4.66067
587 4.66067
588 4.66067
589 4.66067
590 4.66067
591 4.66067
592 4.66067
593 4.66067
594 4.66067
595 4.66067
596 4.66067
597 4.66067
598 4.66067
599 4.66067
600 4.66067
601 4.66067
602 4.66067
603 4.66067
604 4.66067
605 4.66067
606 4.66067
607 4.66067
608 4.66067
609 4.66067
610 4.66067
611 4.66067
612 4.66067
613 4.66067
614 4.66067
615 4.66067
616 4.66067
617 4.66067
618 4.66067
619 4.66067
620 4.66067
621 4.66067
622 4.66067
623 4.66067
624 4.66067
625 4.66067
626 4.66067
627 4.66067
628 4.66067
629 4.66067
630 4.66067
631 4.66067
632 4.66067
633 4.66067
634 4.66067
635 4.66067
636 4.66067
637 4.66067
638 4.66067
639 4.66067
640 4.66067
641 4.66067
642 4.66067
643 4.66067
644 4.66067
645 4.66067
646 4.66067
647 4.66067
648 4.66067
649 4.66067
650 4.66067
651 4.66067
652 4.66067
653 4.66067
654 4.66067
655 4.66067
656 4.66067
657 4.66067
658 4.66067
659 4.66067
660 4.66067
661 4.66067
662 4.66067
663 4.66067
664 4.66067
665 4.66067
666 4.66067
667 4.66067
668 4.66067
669 4.66067
670 4.66067
671 4.66067
672 4.66067
673 4.66067
674 4.66067
675 4.66067
676 4.66067
677 4.66067
678 4.66067
679 4.66067
680 4.66067
681 4.66067
682 4.66067
683 4.66067
684 4.66067
685 4.66067
686 4.66067
687 4.66067
688 4.66067
689 4.66067
690 4.66067
691 4.66067
692 4.66067
693 4.66067
694 4.66067
695 4.66067
696 4.66067
697 4.66067
698 4.66067
699 4.66067
700 4.66067
701 4.66067
702 4.66067
703 4.66067
704 4.66067
705 4.66067
706 4.66067
707 4.66067
708 4.66067
709 4.66067
710 4.66067
711 4.66067
712 4.66067
713 4.66067
714 4.66067
715 4.66067
716 4.66067
717 4.66067
718 4.66067
719 4.66067
720 4.66067
721 4.66067
722 4.66067
723 4.66067
724 4.66067
725 4.66067
726 4.66067
727 4.66067
728 4.66067
729 4.66067
730 4.66067
731 4.66067
732 4.66067
733 4.66067
734 4.66067
735 4.66067
736 4.66067
737 4.66067
738 4.66067
739 4.66067
740 4.66067
741 4.66067
742 4.66067
743 4.66067
744 4.66067
745 4.66067
746 4.66067
747 4.66067
748 4.66067
749 4.66067
750 4.66067
751 4.66067
752 4.66067
753 4.66067
754 4.66067
755 4.66067
756 4.66067
757 4.66067
758 4.66067
759 4.66067
760 4.66067
761 4.66067
762 4.66067
763 4.66067
764 4.66067
765 4.66067
766 4.66067
767 4.66067
768 4.66067
769 4.66067
770 4.66067
771 4.66067
772 4.66067
773 4.66067
774 4.66067
775 4.66067
776 4.66067
777 4.66067
778 4.66067
779 4.66067
780 4.66067
781 4.66067
782 4.66067
783 4.66067
784 4.66067
785 4.66067
786 4.66067
787 4.66067
788 4.66067
789 4.66067
790 4.66067
791 4.66067
792 4.66067
793 4.66067
794 4.66067
795 4.66067
796 4.66067
797 4.66067
798 4.66067
799 4.66067
800 4.66067
801 4.66067
802 4.66067
803 4.66067
804 4.66067
805 4.66067
806 4.66067
807 4.66067
808 4.66067
809 4.66067
810 4.66067
811 4.66067
812 4.66067
813 4.66067
814 4.66067
815 4.66067
816 4.66067
817 4.66067
818 4.66067
819 4.66067
820 4.66067
821 4.66067
822 4.66067
823 4.66067
824 4.66067
825 4.66067
826 4.66067
827 4.66067
828 4.66067
829 4.66067
830 4.66067
831 4.66067
832 4.66067
833 4.66067
834 4.66067
835 4.66067
836 4.66067
837 4.66067
838 4.66067
839 4.66067
840 4.66067
841 4.66067
842 4.66067
843 4.66067
844 4.66067
845 4.66067
846 4.66067
847 4.66067
848 4.66067
849 4.66067
850 4.66067
851 4.66067
852 4.66067
853 4.66067
854 4.66067
855 4.66067
856 4.66067
857 4.66067
858 4.66067
859 4.66067
860 4.66067
861 4.66067
862 4.66067
863 4.66067
864 4.66067
865 4.66067
866 4.66067
867 4.66067
868 4.66067
869 4.66067
870 4.66067
871 4.66067
872 4.66067
873 4.66067
874 4.66067
875 4.66067
876 4.66067
877 4.66067
878 4.66067
879 4.66067
880 4.66067
881 4.66067
882 4.66067
883 4.66067
884 4.66067
885 4.66067
886 4.66067
887 4.66067
888 4.66067
889 4.66067
890 4.66067
891 4.66067
892 4.66067
893 4.66067
894 4.66067
895 4.66067
896 4.66067
897 4.66067
898 4.66067
899 4.66067
900 4.66067
901 4.66067
902 4.66067
903 4.66067
904 4.66067
905 4.66067
906 4.66067
907 4.66067
908 4.66067
909 4.66067
910 4.66067
911 4.66067
912 4.66067
913 4.66067
914 4.66067
915 4.66067
916 4.66067
917 4.66067
918 4.66067
919 4.66067
920 4.66067
921 4.66067
922 4.66067
923 4.66067
924 4.66067
925 4.66067
926 4.66067
927 4.66067
928 4.66067
929 4.66067
930 4.66067
931 4.66067
932 4.66067
933 4.66067
934 4.66067
935 4.66067
936 4.66067
937 4.66067
938 4.66067
939 4.66067
940 4.66067
941 4.66067
942 4.66067
943 4.66067
944 4.66067
945 4.66067
946 4.66067
947 4.66067
948 4.66067
949 4.66067
950 4.66067
951 4.66067
952 4.66067
953 4.66067
954 4.66067
955 4.66067
956 4.66067
957 4.66067
958 4.66067
959 4.66067
960 4.66067
961 4.66067
962 4.66067
963 4.66067
964 4.66067
965 4.66067
966 4.66067
967 4.66067
968 4.66067
969 4.66067
970 4.66067
971 4.66067
972 4.66067
973 4.66067
974 4.66067
975 4.66067
976 4.66067
977 4.66067
978 4.66067
979 4.66067
980 4.66067
981 4.66067
982 4.66067
983 4.66067
984 4.66067
985 4.66067
986 4.66067
987 4.66067
988 4.66067
989 4.66067
990 4.66067
991 4.66067
992 4.66067
993 4.66067
994 4.66067
995 4.66067
996 4.66067
997 4.66067
998 4.66067
999 4.66067
