0 14.9033
1 14.5567
2 14.1278
3 13.8717
4 13.5662
5 13.0908
6 12.6198
7 12.5378
8 12.0632
9 11.9266
10 11.7184
11 11.5583
12 10.9343
13 10.8857
14 10.7415
15 10.6213
16 9.91898
17 9.91898
18 9.51577
19 9.47409
20 9.25461
21 8.62904
22 8.62904
23 8.54826
24 8.54826
25 8.44675
26 8.44675
27 8.30454
28 8.27291
29 8.25018
30 8.24475
31 8.24475
32 8.01446
33 7.79023
34 7.79023
35 7.66677
36 7.65752
37 7.60374
38 7.45944
39 7.41258
40 7.41258
41 7.41258
42 7.41258
43 7.41258
44 7.41258
45 7.41258
46 7.41258
47 7.41258
48 7.41258
49 7.41258
50 7.15394
51 7.15394
52 6.89174
53 6.89174
54 6.88698
55 6.88698
56 6.88698
57 6.88698
58 6.63365
59 6.62596
60 6.62596
61 6.5657
62 6.3493
63 6.3493
64 6.3493
65 6.3493
66 6.3493
67 6.3493
68 6.3493
69 6.3493
70 6.3493
71 6.34739
72 6.34739
73 6.34739
74 6.34739
75 6.34739
76 6.30727
77 6.30727
78 6.30727
79 6.27977
80 6.19285
81 6.18243
82 6.18243
83 6.10033
84 6.10033
85 6.10033
86 6.10033
87 6.10033
88 6.10033
89 6.10033
90 6.10033
91 6.10033
92 6.10033
93 6.10033
94 6.10033
95 6.10033
96 6.10033
97 6.10033
98 6.10033
99 6.10033
100 6.0206
101 5.90221
102 5.74739
103 5.74739
104 5.74739
105 5.74739
106 5.74739
107 5.74739
108 5.73613
109 5.73613
110 5.64586
111 5.64586
112 5.64586
113 5.64586
114 5.64586
115 5.64586
116 5.64586
117 5.64586
118 5.64586
119 5.64586
120 5.64586
121 5.64586
122 5.64586
123 5.64586
124 5.64586
125 5.64586
126 5.64586
127 5.57322
128 5.57322
129 5.57322
130 5.57322
131 5.50016
132 5.47306
133 5.44092
134 5.44092
135 5.44092
136 5.44092
137 5.44092
138 5.44092
139 5.207
140 5.20117
141 5.15589
142 5.13733
143 5.02421
144 5.02421
145 4.90311
146 4.90311
147 4.90311
148 4.90311
149 4.90311
150 4.90311
151 4.90311
152 4.90311
153 4.90311
154 4.90311
155 4.90311
156 4.90311
157 4.90311
158 4.90311
159 4.90311
160 4.90311
161 4.90311
162 4.90311
163 4.90311
164 4.90311
165 4.90311
166 4.90311
167 4.90311
168 4.90311
169 4.90311
170 4.90311
171 4.90311
172 4.90311
173 4.90311
174 4.90311
175 4.90311
176 4.90311
177 4.90311
178 4.90311
179 4.90311
180 4.90311
181 4.90311
182 4.90311
183 4.90311
184 4.90311
185 4.90311
186 4.90311
187 4.90311
188 4.90311
189 4.90311
190 4.90311
191 4.90311
192 4.90311
193 4.90311
194 4.90311
195 4.90311
196 4.90311
197 4.90311
198 4.90311
199 4.90311
200 4.85875
201 4.85875
202 4.85875
203 4.85875
204 4.85875
205 4.85875
206 4.85875
207 4.85875
208 4.85875
209 4.80365
210 4.80365
211 4.80365
212 4.80365
213 4.80365
214 4.80365
215 4.80365
216 4.80365
217 4.80365
218 4.80365
219 4.80365
220 4.80365
221 4.80365
222 4.80365
223 4.80365
224 4.80365
225 4.80365
226 4.80365
227 4.80365
228 4.80365
229 4.80365
230 4.80365
231 4.80365
232 4.80365
233 4.80365
234 4.80365
235 4.80365
236 4.80365
237 4.80365
238 4.80365
239 4.80365
240 4.80365
241 4.80365
242 4.80365
243 4.80365
244 4.80365
245 4.80365
246 4.80365
247 4.80365
248 4.80365
249 4.80365
250 4.80365
251 4.80365
252 4.80365
253 4.80365
254 4.80365
255 4.80365
256 4.80365
257 4.80365
258 4.80365
259 4.80365
260 4.80365
261 4.80365
262 4.80365
263 4.80365
264 4.80365
265 4.80365
266 4.80365
267 4.80365
268 4.80365
269 4.80365
270 4.80365
271 4.80365
272 4.80365
273 4.80365
274 4.80365
275 4.80365
276 4.80365
277 4.80365
278 4.80365
279 4.74226
280 4.74226
281 4.74226
282 4.74226
283 4.74226
284 4.74226
285 4.74226
286 4.74226
287 4.74226
288 4.74226
289 4.74226
290 4.74226
291 4.74226
292 4.74226
293 4.74226
294 4.74226
295 4.74226
296 4.74226
297 4.74226
298 4.74226
299 4.74226
300 4.66154
301 4.66154
302 4.66154
303 4.66154
304 4.66154
305 4.66154
306 4.66154
307 4.66154
308 4.66154
309 4.66154
310 4.66154
311 4.66154
312 4.66154
313 4.66154
314 4.66154
315 4.66154
316 4.66154
317 4.66154
318 4.66154
319 4.66154
320 4.66154
321 4.66154
322 4.66154
323 4.66154
324 4.66154
325 4.66154
326 4.66154
327 4.66154
328 4.66154
329 4.66154
330 4.66154
331 4.66154
332 4.66154
333 4.66154
334 4.66154
335 4.66154
336 4.66154
337 4.66154
338 4.66154
339 4.66154
340 4.66154
341 4.66154
342 4.66154
343 4.66154
344 4.66154
345 4.66154
346 4.66154
347 4.66154
348 4.66154
349 4.66154
350 4.66154
351 4.66154
352 4.66154
353 4.66154
354 4.66154
355 4.66154
356 4.66154
357 4.66154
358 4.66154
359 4.66154
360 4.66154
361 4.66154
362 4.66154
363 4.66154
364 4.66154
365 4.66154
366 4.66154
367 4.66154
368 4.66154
369 4.66154
370 4.66154
371 4.66154
372 4.66154
373 4.66154
374 4.66154
375 4.66154
376 4.66154
377 4.66154
378 4.66154
379 4.66154
380 4.66154
381 4.66154
382 4.66154
383 4.66154
384 4.66154
385 4.66154
386 4.66154
387 4.66154
388 4.66154
389 4.66154
390 4.66154
391 4.66154
392 4.66154
393 4.66154
394 4.66154
395 4.66154
396 4.66154
397 4.66154
398 4.66154
399 4.66154
400 4.66154
401 4.66154
402 4.66154
403 4.66154
404 4.66154
405 4.66154
406 4.66154
407 4.66154
408 4.66154
409 4.66154
410 4.66154
411 4.66154
412 4.66154
413 4.66154
414 4.66154
415 4.66154
416 4.66154
417 4.66154
418 4.66154
419 4.66154
420 4.66154
421 4.66154
422 4.66154
423 4.66154
424 4.66154
425 4.66154
426 4.66154
427 4.66154
428 4.66154
429 4.66154
430 4.66154
431 4.66154
432 4.66154
433 4.66154
434 4.66154
435 4.66154
436 4.66154
437 4.66154
438 4.66154
439 4.66154
440 4.66154
441 4.66154
442 4.66154
443 4.66154
444 4.66154
445 4.66154
446 4.66154
447 4.66154
448 4.66154
449 4.66154
450 4.66154
451 4.66154
452 4.66154
453 4.66154
454 4.66154
455 4.66154
456 4.66154
457 4.66154
458 4.66154
459 4.66154
460 4.66154
461 4.66154
462 4.66154
463 4.66154
464 4.66154
465 4.66154
466 4.66154
467 4.66154
468 4.66154
469 4.66154
470 4.66154
471 4.66154
472 4.66154
473 4.66154
474 4.66154
475 4.66154
476 4.66154
477 4.66154
478 4.66154
479 4.66154
480 4.66154
481 4.66154
482 4.66154
483 4.66154
484 4.66154
485 4.66154
486 4.66154
487 4.66154
488 4.66154
489 4.66154
490 4.66154
491 4.66154
492 4.66154
493 4.66154
494 4.66154
495 4.66154
496 4.66154
497 4.66154
498 4.66154
499 4.66154
500 4.66067
501 4.66067
502 4.66067
503 4.66067
504 4.66067
505 4.66067
506 4.66067
507 4.66067
508 4.66067
509 4.66067
510 4.66067
511 4.66067
512 4.66067
513 4.66067
514 4.66067
515 4.66067
516 4.66067
517 4.66067
518 4.66067
519 4.66067
520 4.66067
521 4.66067
522 4.66067
523 4.66067
524 4.66067
525 4.66067
526 4.66067
527 4.66067
528 4.66067
529 4.66067
530 4.66067
531 4.66067
532 4.66067
533 4.66067
534 4.66067
535 4.66067
536 4.66067
537 4.66067
538 4.66067
539 4.66067
540 4.66067
541 4.66067
542 4.66067
543 4.66067
544 4.66067
545 4.66067
546 4.66067
547 4.66067
548 4.66067
549 4.66067
550 4.66067
551 4.66067
552 4.66067
553 4.66067
554 4.66067
555 4.66067
556 4.66067
557 4.66067
558 4.66067
559 4.66067
560 4.66067
561 4.66067
562 4.66067
563 4.66067
564 4.66067
565 4.66067
566 4.66067
567 4.66067
568 4.66067
569 4.66067
570 4.66067
571 4.66067
572 4.66067
573 4.66067
574 4.66067
575 4.66067
576 4.66067
577 4.66067
578 4.66067
579 4.66067
580 4.66067
581 4.66067
582 4.66067
583 4.66067
584 4.66067
585 4.66067
586 4.66067
587 4.66067
588 4.66067
589 4.66067
590 4.66067
591 4.66067
592 4.66067
593 4.66067
594 4.66067
595 4.66067
596 4.66067
597 4.66067
598 4.66067
599 4.66067
600 4.66067
601 4.66067
602 4.66067
603 4.66067
604 4.66067
605 4.66067
606 4.66067
607 4.66067
608 4.66067
609 4.66067
610 4.66067
611 4.66067
612 4.66067
613 4.66067
614 4.66067
615 4.66067
616 4.66067
617 4.66067
618 4.66067
619 4.66067
620 4.66067
621 4.66067
622 4.66067
623 4.66067
624 4.66067
625 4.66067
626 4.66067
627 4.66067
628 4.66067
629 4.66067
630 4.66067
631 4.66067
632 4.66067
633 4.66067
634 4.66067
635 4.66067
636 4.66067
637 4.66067
638 4.66067
639 4.66067
640 4.66067
641 4.66067
642 4.66067
643 4.66067
644 4.66067
645 4.66067
646 4.66067
647 4.66067
648 4.66067
649 4.66067
650 4.66067
651 4.66067
652 4.66067
653 4.66067
654 4.66067
655 4.66067
656 4.66067
657 4.66067
658 4.66067
659 4.66067
660 4.66067
661 4.66067
662 4.66067
663 4.66067
664 4.66067
665 4.66067
666 4.66067
667 4.66067
668 4.66067
669 4.66067
670 4.66067
671 4.66067
672 4.66067
673 4.66067
674 4.66067
675 4.66067
676 4.66067
677 4.66067
678 4.66067
679 4.66067
680 4.66067
681 4.66067
682 4.66067
683 4.66067
684 4.66067
685 4.66067
686 4.66067
687 4.66067
688 4.66067
689 4.66067
690 4.66067
691 4.66067
692 4.66067
693 4.66067
694 4.66067
695 4.66067
696 4.66067
697 4.66067
698 4.66067
699 4.66067
700 4.66067
701 4.66067
702 4.66067
703 4.66067
704 4.66067
705 4.66067
706 4.66067
707 4.66067
708 4.66067
709 4.66067
710 4.66067
711 4.66067
712 4.66067
713 4.66067
714 4.66067
715 4.66067
716 4.66067
717 4.66067
718 4.66067
719 4.66067
720 4.66067
721 4.66067
722 4.66067
723 4.66067
724 4.66067
725 4.66067
726 4.66067
727 4.66067
728 4.66067
729 4.66067
730 4.66067
731 4.66067
732 4.66067
733 4.66067
734 4.66067
735 4.66067
736 4.66067
737 4.66067
738 4.66067
739 4.66067
740 4.66067
741 4.66067
742 4.66067
743 4.66067
744 4.66067
745 4.66067
746 4.66067
747 4.66067
748 4.66067
749 4.66067
750 4.66067
751 4.66067
752 4.66067
753 4.66067
754 4.66067
755 4.66067
756 4.66067
757 4.66067
758 4.66067
759 4.66067
760 4.66067
761 4.66067
762 4.66067
763 4.66067
764 4.66067
765 4.66067
766 4.66067
767 4.66067
768 4.66067
769 4.66067
770 4.66067
771 4.66067
772 4.66067
773 4.66067
774 4.66067
775 4.66067
776 4.66067
777 4.66067
778 4.66067
779 4.66067
780 4.66067
781 4.66067
782 4.66067
783 4.66067
784 4.66067
785 4.66067
786 4.66067
787 4.66067
788 4.66067
789 4.66067
790 4.66067
791 4.66067
792 4.66067
793 4.66067
794 4.66067
795 4.66067
796 4.66067
797 4.66067
798 4.66067
799 4.66067
800 4.66067
801 4.66067
802 4.66067
803 4.66067
804 4.66067
805 4.66067
806 4.66067
807 4.66067
808 4.66067
809 4.66067
810 4.66067
811 4.66067
812 4.66067
813 4.66067
814 4.66067
815 4.66067
816 4.66067
817 4.66067
818 4.66067
819 4.66067
820 4.66067
821 4.66067
822 4.66067
823 4.66067
824 4.66067
825 4.66067
826 4.66067
827 4.66067
828 4.66067
829 4.66067
830 4.66067
831 4.66067
832 4.66067
833 4.66067
834 4.66067
835 4.66067
836 4.66067
837 4.66067
838 4.66067
839 4.66067
840 4.66067
841 4.66067
842 4.66067
843 4.66067
844 4.66067
845 4.66067
846 4.66067
847 4.66067
848 4.66067
849 4.66067
850 4.66067
851 4.66067
852 4.66067
853 4.66067
854 4.66067
855 4.66067
856 4.66067
857 4.66067
858 4.66067
859 4.66067
860 4.66067
861 4.66067
862 4.66067
863 4.66067
864 4.66067
865 4.66067
866 4.66067
867 4.66067
868 4.66067
869 4.66067
870 4.66067
871 4.66067
872 4.66067
873 4.66067
874 4.66067
875 4.66067
876 4.66067
877 4.66067
878 4.66067
879 4.66067
880 4.66067
881 4.66067
882 4.66067
883 4.66067
884 4.66067
885 4.66067
886 4.66067
887 4.66067
888 4.66067
889 4.66067
890 4.66067
891 4.66067
892 4.66067
893 4.66067
894 4.66067
895 4.66067
896 4.66067
897 4.66067
898 4.66067
899 4.66067
900 4.66067
901 4.66067
902 4.66067
903 4.66067
904 4.66067
905 4.66067
906 4.66067
907 4.66067
908 4.66067
909 4.66067
910 4.66067
911 4.66067
912 4.66067
913 4.66067
914 4.66067
915 4.66067
916 4.66067
917 4.66067
918 4.66067
919 4.66067
920 4.66067
921 4.66067
922 4.66067
923 4.66067
924 4.66067
925 4.66067
926 4.66067
927 4.66067
928 4.66067
929 4.66067
930 4.66067
931 4.66067
932 4.66067
933 4.66067
934 4.66067
935 4.66067
936 4.66067
937 4.66067
938 4.66067
939 4.66067
940 4.66067
941 4.66067
942 4.66067
943 4.66067
944 4.66067
945 4.66067
946 4.66067
947 4.66067
948 4.66067
949 4.66067
950 4.66067
951 4.66067
952 4.66067
953 4.66067
954 4.66067
955 4.66067
956 4.66067
957 4.66067
958 4.66067
959 4.66067
960 4.66067
961 4.66067
962 4.66067
963 4.66067
964 4.66067
965 4.66067
966 4.66067
967 4.66067
968 4.66067
969 4.66067
970 4.66067
971 4.66067
972 4.66067
973 4.66067
974 4.66067
975 4.66067
976 4.66067
977 4.66067
978 4.66067
979 4.66067
980 4.66067
981 4.66067
982 4.66067
983 4.66067
984 4.66067
985 4.66067
986 4.66067
987 4.66067
988 4.66067
989 4.66067
990 4.66067
991 4.66067
992 4.66067
993 4.66067
994 4.66067
995 4.66067
996 4.66067
997 4.66067
998 4.66067
999 4.66067
