1 -1.00189 -1.00189 0
2 -1.00276 -1.00233 0.000435296
3 -1.00129 -1.00198 0.000428664
4 -1.00097 -1.00173 0.000394212
5 -1.00647 -1.00268 0.000995979
6 -1.00419 -1.00293 0.000851405
7 -1.00087 -1.00263 0.000777144
8 -1.00375 -1.00277 0.000687389
9 -1.00348 -1.00285 0.000611234
10 -1.00406 -1.00297 0.000559877
11 -1.00412 -1.00308 0.000517019
12 -1.00132 -1.00293 0.000494281
13 -0.997675 -1.00253 0.000608415
14 -1.00187 -1.00248 0.000565205
15 -1.00276 -1.0025 0.00052651
16 -0.998959 -1.00228 0.000539906
17 -1.00567 -1.00248 0.000544952
18 -1.00429 -1.00258 0.000523588
19 -1.00403 -1.00265 0.000501107
20 -1.0055 -1.0028 0.000496165
1 -0.989053 -0.989053 0
2 -0.988702 -0.988877 0.000175592
3 -0.986632 -0.988129 0.000755328
4 -0.985924 -0.987578 0.000767495
5 -0.988628 -0.987788 0.000630491
6 -0.989492 -0.988072 0.00058793
7 -0.988127 -0.98808 0.000496954
8 -0.982752 -0.987414 0.000792927
9 -0.991465 -0.987864 0.000831675
10 -0.988032 -0.987881 0.000744064
11 -0.984951 -0.987614 0.000723801
12 -0.985734 -0.987458 0.000679055
13 -0.982521 -0.987078 0.000731005
14 -0.986158 -0.987012 0.000679962
15 -0.986775 -0.986996 0.000633208
16 -0.986723 -0.986979 0.000592559
17 -0.989215 -0.987111 0.000571944
18 -0.985581 -0.987026 0.000545892
19 -0.987208 -0.987035 0.000516451
20 -0.99073 -0.98722 0.000523623
1 -0.967215 -0.967215 0
2 -0.963149 -0.965182 0.00203265
3 -0.956547 -0.962304 0.00310843
4 -0.95757 -0.96112 0.0024963
5 -0.965648 -0.962026 0.00213516
6 -0.965156 -0.962548 0.00181975
7 -0.962863 -0.962593 0.00153863
8 -0.962164 -0.962539 0.00133357
9 -0.964018 -0.962703 0.00118751
10 -0.970047 -0.963438 0.00129131
11 -0.962818 -0.963381 0.0011694
12 -0.967393 -0.963716 0.00111862
13 -0.961735 -0.963563 0.0010402
14 -0.964026 -0.963596 0.000963607
15 -0.960121 -0.963365 0.000926499
16 -0.962385 -0.963303 0.000868823
17 -0.969122 -0.963646 0.000884987
18 -0.966416 -0.9638 0.00084845
19 -0.967646 -0.964002 0.000827687
20 -0.967744 -0.964189 0.000807196
1 -0.942235 -0.942235 0
2 -0.940165 -0.9412 0.00103512
3 -0.935883 -0.939427 0.00187033
4 -0.934469 -0.938188 0.00181262
5 -0.937764 -0.938103 0.00140661
6 -0.940243 -0.93846 0.00120258
7 -0.939731 -0.938641 0.00103246
8 -0.938966 -0.938682 0.000895059
9 -0.941152 -0.938956 0.00083571
10 -0.938029 -0.938864 0.000753206
11 -0.937636 -0.938752 0.000690383
12 -0.936872 -0.938595 0.000649411
13 -0.936444 -0.93843 0.000619857
14 -0.935462 -0.938218 0.000611769
15 -0.936112 -0.938077 0.00058658
16 -0.939347 -0.938157 0.000554401
17 -0.943971 -0.938499 0.000623048
18 -0.939863 -0.938575 0.000592282
19 -0.943764 -0.938848 0.000623281
20 -0.938074 -0.938809 0.00059256
1 -0.914884 -0.914884 0
2 -0.908821 -0.911853 0.00303185
3 -0.913851 -0.912519 0.00187286
4 -0.911279 -0.912209 0.00136009
5 -0.910853 -0.911938 0.00108788
6 -0.911823 -0.911918 0.000888452
7 -0.918062 -0.912796 0.00115499
8 -0.911547 -0.91264 0.00101237
9 -0.910932 -0.91245 0.000912764
10 -0.912865 -0.912492 0.000817452
11 -0.911106 -0.912366 0.00075007
12 -0.907436 -0.911955 0.000798497
13 -0.91553 -0.91223 0.000784317
14 -0.912347 -0.912238 0.000726185
15 -0.913756 -0.912339 0.000683574
16 -0.913415 -0.912407 0.00064295
17 -0.908445 -0.912174 0.000647343
18 -0.914226 -0.912288 0.000620882
19 -0.913205 -0.912336 0.000589275
20 -0.913879 -0.912413 0.000564335
1 -0.884513 -0.884513 0
2 -0.888585 -0.886549 0.00203578
3 -0.885299 -0.886133 0.00124701
4 -0.884377 -0.885694 0.000985
5 -0.883301 -0.885215 0.000900658
6 -0.888824 -0.885817 0.00095007
7 -0.889084 -0.886283 0.000928793
8 -0.887056 -0.88638 0.00081013
9 -0.885028 -0.88623 0.000730096
10 -0.889036 -0.88651 0.000710775
11 -0.884676 -0.886344 0.000664194
12 -0.885171 -0.886246 0.00061414
13 -0.885184 -0.886164 0.0005708
14 -0.886296 -0.886174 0.000528542
15 -0.885668 -0.88614 0.000493198
16 -0.886333 -0.886152 0.000461502
17 -0.884763 -0.88607 0.000441136
18 -0.887729 -0.886162 0.000425997
19 -0.88547 -0.886126 0.000404598
20 -0.887232 -0.886181 0.000387801
1 -0.862693 -0.862693 0
2 -0.861189 -0.861941 0.00075216
3 -0.864018 -0.862634 0.00081729
4 -0.86133 -0.862308 0.000663525
5 -0.859541 -0.861754 0.000755213
6 -0.863567 -0.862056 0.000686674
7 -0.864352 -0.862384 0.000666592
8 -0.857823 -0.861814 0.000811388
9 -0.860984 -0.861722 0.000721505
10 -0.861862 -0.861736 0.000645487
11 -0.859757 -0.861556 0.000610952
12 -0.862019 -0.861595 0.000559051
13 -0.860056 -0.861476 0.000527703
14 -0.857479 -0.861191 0.000565856
15 -0.860121 -0.861119 0.000531587
16 -0.861745 -0.861159 0.000498791
17 -0.862797 -0.861255 0.000478345
18 -0.863751 -0.861394 0.000471823
19 -0.861935 -0.861422 0.00044721
20 -0.859561 -0.861329 0.000434342
1 -0.838667 -0.838667 0
2 -0.835074 -0.836871 0.00179622
3 -0.836252 -0.836665 0.00105732
4 -0.83811 -0.837026 0.00083042
5 -0.831687 -0.835958 0.0012465
6 -0.835152 -0.835824 0.0010266
7 -0.835452 -0.835771 0.00086926
8 -0.838906 -0.836163 0.000848698
9 -0.834707 -0.836001 0.000765767
10 -0.837337 -0.836134 0.000697827
11 -0.837612 -0.836269 0.000645336
12 -0.835129 -0.836174 0.00059671
13 -0.837004 -0.836238 0.000552597
14 -0.837585 -0.836334 0.000520576
15 -0.836899 -0.836372 0.000486093
16 -0.835719 -0.836331 0.000456525
17 -0.837445 -0.836396 0.000433807
18 -0.835623 -0.836353 0.000411249
19 -0.83627 -0.836349 0.000389027
20 -0.840394 -0.836551 0.000420849
1 -0.810737 -0.810737 0
2 -0.811787 -0.811262 0.00052512
3 -0.813599 -0.812041 0.000836144
4 -0.811609 -0.811933 0.000601026
5 -0.812302 -0.812007 0.000471358
6 -0.812031 -0.812011 0.000384884
7 -0.812628 -0.812099 0.000337019
8 -0.813267 -0.812245 0.000326362
9 -0.810872 -0.812092 0.000325772
10 -0.814583 -0.812342 0.00038334
11 -0.811198 -0.812238 0.000361983
12 -0.814001 -0.812385 0.000361658
13 -0.810709 -0.812256 0.000356785
14 -0.811913 -0.812231 0.000331223
15 -0.814228 -0.812364 0.000335869
16 -0.812294 -0.81236 0.000314207
17 -0.811635 -0.812317 0.000298209
18 -0.813108 -0.812361 0.000284562
19 -0.812776 -0.812383 0.000270054
20 -0.814873 -0.812508 0.000284847
1 -0.789587 -0.789587 0
2 -0.789075 -0.789331 0.000255752
3 -0.788841 -0.789168 0.000220063
4 -0.788821 -0.789081 0.000178157
5 -0.790121 -0.789289 0.00024961
6 -0.789356 -0.7893 0.000204116
7 -0.787855 -0.789094 0.000269072
8 -0.789159 -0.789102 0.000233165
9 -0.788394 -0.789023 0.000220147
10 -0.789592 -0.78908 0.000204961
11 -0.790099 -0.789173 0.000207251
12 -0.791668 -0.789381 0.000281159
13 -0.788839 -0.789339 0.000261958
14 -0.788826 -0.789302 0.000245277
15 -0.790582 -0.789388 0.000243751
16 -0.791162 -0.789499 0.000253546
17 -0.789358 -0.78949 0.000238309
18 -0.789514 -0.789492 0.000224684
19 -0.78929 -0.789481 0.000212795
20 -0.79209 -0.789611 0.000240368
1 -0.765914 -0.765914 0
2 -0.767308 -0.766611 0.000696944
3 -0.768501 -0.767241 0.000747586
4 -0.768535 -0.767565 0.000619796
5 -0.76755 -0.767562 0.0004801
6 -0.77064 -0.768075 0.000645629
7 -0.769038 -0.768212 0.000562738
8 -0.76899 -0.76831 0.000496946
9 -0.770132 -0.768512 0.000482797
10 -0.768945 -0.768555 0.000433993
11 -0.767945 -0.7685 0.000396458
12 -0.766827 -0.768361 0.00038785
13 -0.765918 -0.768173 0.000403225
14 -0.767384 -0.768116 0.000377538
15 -0.76708 -0.768047 0.000358191
16 -0.768183 -0.768056 0.000335164
17 -0.767091 -0.767999 0.000319904
18 -0.76752 -0.767972 0.000302779
19 -0.76574 -0.767855 0.000309573
20 -0.767378 -0.767831 0.000294653
1 -0.745967 -0.745967 0
2 -0.744878 -0.745422 0.0005446
3 -0.746955 -0.745933 0.000599787
4 -0.74685 -0.746162 0.000482085
5 -0.745634 -0.746057 0.0003881
6 -0.745338 -0.745937 0.000338774
7 -0.744714 -0.745762 0.000335379
8 -0.745055 -0.745674 0.000303599
9 -0.744771 -0.745573 0.000285935
10 -0.746073 -0.745623 0.000260574
11 -0.744783 -0.745547 0.000247758
12 -0.743635 -0.745388 0.000276658
13 -0.745015 -0.745359 0.000256102
14 -0.745616 -0.745377 0.000237817
15 -0.746143 -0.745428 0.000227211
16 -0.74627 -0.745481 0.000218947
17 -0.745533 -0.745484 0.000205688
18 -0.74321 -0.745358 0.000231451
19 -0.746789 -0.745433 0.000231532
20 -0.746118 -0.745467 0.000222305
1 -0.724997 -0.724997 0
2 -0.724877 -0.724937 6.0288e-05
3 -0.724619 -0.724831 0.000111452
4 -0.725541 -0.725009 0.000194257
5 -0.724796 -0.724966 0.000156358
6 -0.724381 -0.724869 0.000160686
7 -0.724306 -0.724788 0.000157789
8 -0.725203 -0.72484 0.000146157
9 -0.725783 -0.724945 0.00016608
10 -0.726244 -0.725075 0.000197331
11 -0.724799 -0.72505 0.000180241
12 -0.724151 -0.724975 0.000180765
13 -0.723975 -0.724898 0.000183216
14 -0.72533 -0.724929 0.000172415
15 -0.725117 -0.724941 0.000161
16 -0.724138 -0.724891 0.000158745
17 -0.724006 -0.724839 0.00015794
18 -0.725039 -0.72485 0.000149322
19 -0.725037 -0.72486 0.000141587
20 -0.726406 -0.724937 0.000154973
1 -0.706009 -0.706009 0
2 -0.705194 -0.705602 0.000407448
3 -0.706693 -0.705966 0.000433324
4 -0.704207 -0.705526 0.000535907
5 -0.704524 -0.705326 0.000460907
6 -0.704963 -0.705265 0.000381144
7 -0.705002 -0.705228 0.000324305
8 -0.703333 -0.704991 0.000367411
9 -0.704602 -0.704948 0.000326893
10 -0.70498 -0.704951 0.0002924
11 -0.705371 -0.704989 0.000267224
12 -0.705268 -0.705012 0.000245044
13 -0.705469 -0.705047 0.000228136
14 -0.703897 -0.704965 0.000226637
15 -0.703782 -0.704886 0.000225241
16 -0.704254 -0.704847 0.000214364
17 -0.705935 -0.704911 0.000211296
18 -0.705233 -0.704929 0.000200016
19 -0.705732 -0.704971 0.000193864
20 -0.706875 -0.705066 0.000207086
1 -0.68603 -0.68603 0
2 -0.685767 -0.685898 0.000131856
3 -0.685497 -0.685765 0.00015404
4 -0.684014 -0.685327 0.000450919
5 -0.684002 -0.685062 0.000438471
6 -0.685948 -0.68521 0.000387252
7 -0.686519 -0.685397 0.000376973
8 -0.686445 -0.685528 0.000351808
9 -0.685987 -0.685579 0.000314434
10 -0.685132 -0.685534 0.000284768
11 -0.685611 -0.685541 0.000257678
12 -0.684775 -0.685477 0.000243733
13 -0.684614 -0.685411 0.000233831
14 -0.683546 -0.685278 0.000254166
15 -0.686699 -0.685372 0.00025488
16 -0.685206 -0.685362 0.000238644
17 -0.683621 -0.68526 0.000246466
18 -0.685213 -0.685257 0.000232385
19 -0.685092 -0.685248 0.000219985
20 -0.687147 -0.685343 0.000229275
1 -0.668187 -0.668187 0
2 -0.667535 -0.667861 0.000325856
3 -0.666572 -0.667431 0.000469145
4 -0.667404 -0.667424 0.000331804
5 -0.666397 -0.667219 0.000329115
6 -0.66806 -0.667359 0.00030308
7 -0.666145 -0.667186 0.000309314
8 -0.667188 -0.667186 0.000267874
9 -0.665365 -0.666984 0.000311049
10 -0.668071 -0.667092 0.000298704
11 -0.666714 -0.667058 0.00027237
12 -0.668169 -0.667151 0.000265315
13 -0.667856 -0.667205 0.00025002
14 -0.667041 -0.667193 0.000231771
15 -0.666629 -0.667155 0.000219025
16 -0.666975 -0.667144 0.000205189
17 -0.667396 -0.667159 0.000193309
18 -0.66758 -0.667182 0.000183746
19 -0.667736 -0.667212 0.000176234
20 -0.668949 -0.667298 0.000188407
1 -0.648028 -0.648028 0
2 -0.650283 -0.649155 0.0011278
3 -0.648326 -0.648879 0.000707406
4 -0.649474 -0.649028 0.000521887
5 -0.649917 -0.649206 0.000441604
6 -0.648081 -0.649018 0.000406395
7 -0.650157 -0.649181 0.00038005
8 -0.650183 -0.649306 0.000352187
9 -0.648214 -0.649185 0.00033345
10 -0.648556 -0.649122 0.000304812
11 -0.650833 -0.649277 0.000316574
12 -0.64885 -0.649242 0.000291174
13 -0.649376 -0.649252 0.00026804
14 -0.64821 -0.649178 0.000259083
15 -0.648571 -0.649137 0.000244561
16 -0.648374 -0.64909 0.000233683
17 -0.647025 -0.648968 0.000250867
18 -0.648458 -0.64894 0.000238215
19 -0.650028 -0.648997 0.000232495
20 -0.64946 -0.64902 0.000221775
1 -0.63081 -0.63081 0
2 -0.632432 -0.631621 0.000810928
3 -0.631901 -0.631714 0.00047737
4 -0.633647 -0.632197 0.00058939
5 -0.631638 -0.632086 0.000470052
6 -0.630126 -0.631759 0.000503908
7 -0.631835 -0.63177 0.000426018
8 -0.631729 -0.631765 0.000368977
9 -0.633068 -0.63191 0.000356156
10 -0.630712 -0.63179 0.000340322
11 -0.629863 -0.631615 0.000354197
12 -0.63261 -0.631698 0.000333808
13 -0.631485 -0.631681 0.000307494
14 -0.632168 -0.631716 0.000286798
15 -0.632594 -0.631775 0.000273336
16 -0.631984 -0.631788 0.000256018
17 -0.630154 -0.631692 0.000258971
18 -0.631967 -0.631707 0.000244639
19 -0.631834 -0.631714 0.000231502
20 -0.63191 -0.631723 0.000219841
1 -0.61601 -0.61601 0
2 -0.615886 -0.615948 6.2224e-05
3 -0.614261 -0.615386 0.000563472
4 -0.61604 -0.615549 0.000430673
5 -0.616193 -0.615678 0.00035757
6 -0.615174 -0.615594 0.00030378
7 -0.616231 -0.615685 0.000272389
8 -0.615786 -0.615698 0.000236235
9 -0.615108 -0.615632 0.00021841
10 -0.616213 -0.61569 0.000203821
11 -0.615548 -0.615677 0.000184815
12 -0.613336 -0.615482 0.000257946
13 -0.61435 -0.615395 0.000252759
14 -0.615218 -0.615382 0.000234352
15 -0.615749 -0.615407 0.000219537
16 -0.61511 -0.615388 0.000206195
17 -0.616213 -0.615437 0.000199672
18 -0.615027 -0.615414 0.000189621
19 -0.616869 -0.615491 0.000195016
20 -0.615073 -0.61547 0.000186184
1 -0.598738 -0.598738 0
2 -0.598551 -0.598645 9.3248e-05
3 -0.600634 -0.599308 0.000665403
4 -0.599184 -0.599277 0.000471523
5 -0.599322 -0.599286 0.000365353
6 -0.599284 -0.599286 0.00029831
7 -0.599603 -0.599331 0.00025615
8 -0.60192 -0.599655 0.000392394
9 -0.598075 -0.599479 0.000388027
10 -0.599335 -0.599465 0.000347362
11 -0.600629 -0.59957 0.000331542
12 -0.599297 -0.599548 0.000303512
13 -0.599135 -0.599516 0.000280991
14 -0.600266 -0.599569 0.000265611
15 -0.599319 -0.599553 0.000247831
16 -0.599512 -0.59955 0.000231839
17 -0.598937 -0.599514 0.000220745
18 -0.599725 -0.599526 0.000208449
19 -0.5999 -0.599546 0.000198152
20 -0.600309 -0.599584 0.000191818
1 -0.584482 -0.584482 0
2 -0.583998 -0.58424 0.000241888
3 -0.584585 -0.584355 0.000180945
4 -0.584795 -0.584465 0.000168709
5 -0.584761 -0.584524 0.000143419
6 -0.585141 -0.584627 0.000155787
7 -0.585291 -0.584722 0.000162284
8 -0.585783 -0.584855 0.000193218
9 -0.582765 -0.584622 0.000288025
10 -0.584599 -0.58462 0.000257628
11 -0.584178 -0.58458 0.000236474
12 -0.585365 -0.584645 0.000225573
13 -0.585216 -0.584689 0.000212096
14 -0.585848 -0.584772 0.000213087
15 -0.585582 -0.584826 0.000205588
16 -0.585774 -0.584885 0.000201231
17 -0.583726 -0.584817 0.000200955
18 -0.583667 -0.584753 0.000199944
19 -0.583786 -0.584702 0.000195852
20 -0.58508 -0.584721 0.000186761
1 -0.57055 -0.57055 0
2 -0.57064 -0.570595 4.4832e-05
3 -0.570088 -0.570426 0.000171
4 -0.57002 -0.570325 0.000157974
5 -0.569224 -0.570104 0.000251916
6 -0.569916 -0.570073 0.000208066
7 -0.570545 -0.570141 0.000188342
8 -0.56847 -0.569932 0.000265005
9 -0.568237 -0.569743 0.000300146
10 -0.569762 -0.569745 0.000268466
11 -0.568574 -0.569639 0.000265167
12 -0.568935 -0.56958 0.000249068
13 -0.571166 -0.569702 0.00025955
14 -0.570126 -0.569732 0.0002422
15 -0.570013 -0.569751 0.000226251
16 -0.570955 -0.569826 0.00022461
17 -0.569273 -0.569794 0.000213481
18 -0.57098 -0.56986 0.000211791
19 -0.571878 -0.569966 0.000226757
20 -0.571227 -0.570029 0.000224167
1 -0.556795 -0.556795 0
2 -0.556578 -0.556686 0.00010848
3 -0.556503 -0.556625 8.74335e-05
4 -0.556695 -0.556643 6.42256e-05
5 -0.556024 -0.556519 0.000133377
6 -0.556251 -0.556474 0.00011774
7 -0.555828 -0.556382 0.000135728
8 -0.556564 -0.556405 0.000119725
9 -0.55369 -0.556103 0.000319559
10 -0.556425 -0.556135 0.000287627
11 -0.55588 -0.556112 0.000261199
12 -0.556129 -0.556114 0.000238445
13 -0.55525 -0.556047 0.000229175
14 -0.555716 -0.556024 0.000213489
15 -0.555893 -0.556015 0.000198937
16 -0.556736 -0.55606 0.000191473
17 -0.557481 -0.556144 0.000198336
18 -0.554843 -0.556071 0.000200465
19 -0.556079 -0.556072 0.000189621
20 -0.55651 -0.556094 0.00018122
1 -0.542763 -0.542763 0
2 -0.542384 -0.542574 0.000189312
3 -0.544314 -0.543154 0.000590345
4 -0.542141 -0.5429 0.000488262
5 -0.541415 -0.542603 0.000480926
6 -0.541557 -0.542429 0.000429647
7 -0.542733 -0.542472 0.000365701
8 -0.542914 -0.542528 0.000321485
9 -0.541712 -0.542437 0.000297652
10 -0.542474 -0.542441 0.000266254
11 -0.542782 -0.542472 0.000242824
12 -0.542382 -0.542464 0.000221792
13 -0.543779 -0.542565 0.000227726
14 -0.542658 -0.542572 0.000210937
15 -0.542647 -0.542577 0.000196435
16 -0.543095 -0.542609 0.000186582
17 -0.542485 -0.542602 0.000175417
18 -0.542246 -0.542582 0.000166562
19 -0.543812 -0.542647 0.000170335
20 -0.543444 -0.542687 0.000166432
1 -0.530646 -0.530646 0
2 -0.532798 -0.531722 0.00107637
3 -0.529088 -0.530844 0.00107552
4 -0.529597 -0.530532 0.000821951
5 -0.530828 -0.530591 0.000639427
6 -0.52942 -0.530396 0.000557401
7 -0.530511 -0.530413 0.000471377
8 -0.530851 -0.530467 0.00041188
9 -0.528509 -0.53025 0.000423452
10 -0.530707 -0.530296 0.000381492
11 -0.530942 -0.530354 0.000350045
12 -0.529422 -0.530277 0.000328852
13 -0.530464 -0.530291 0.000302843
14 -0.529356 -0.530224 0.000288229
15 -0.530597 -0.530249 0.000269475
16 -0.530073 -0.530238 0.00025231
17 -0.52895 -0.530162 0.000248825
18 -0.528636 -0.530078 0.000249447
19 -0.530428 -0.530096 0.000236673
20 -0.530073 -0.530095 0.000224531
1 -0.517063 -0.517063 0
2 -0.515844 -0.516454 0.000609648
3 -0.516985 -0.516631 0.000394114
4 -0.516933 -0.516706 0.000288718
5 -0.516915 -0.516748 0.000227504
6 -0.517194 -0.516822 0.000200103
7 -0.517911 -0.516978 0.000229712
8 -0.516751 -0.51695 0.000200941
9 -0.516703 -0.516922 0.000179324
10 -0.517236 -0.516954 0.000163424
11 -0.515836 -0.516852 0.000179358
12 -0.51652 -0.516824 0.000166051
13 -0.517157 -0.51685 0.000154879
14 -0.515955 -0.516786 0.000156992
15 -0.518368 -0.516891 0.000180218
16 -0.5177 -0.516942 0.000175999
17 -0.517667 -0.516985 0.000170732
18 -0.516745 -0.516971 0.000161518
19 -0.516548 -0.516949 0.0001544
20 -0.51646 -0.516925 0.000148503
1 -0.505651 -0.505651 0
2 -0.505421 -0.505536 0.000114872
3 -0.506388 -0.50582 0.000291722
4 -0.505164 -0.505656 0.000263601
5 -0.505957 -0.505716 0.000212875
6 -0.506152 -0.505789 0.000188339
7 -0.504113 -0.505549 0.000287491
8 -0.505663 -0.505564 0.000249377
9 -0.50594 -0.505605 0.000223861
10 -0.505823 -0.505627 0.000201412
11 -0.506219 -0.505681 0.000189969
12 -0.505064 -0.50563 0.000180874
13 -0.505453 -0.505616 0.000166936
14 -0.505655 -0.505619 0.000154577
15 -0.505391 -0.505604 0.000144705
16 -0.506363 -0.505651 0.000143448
17 -0.504665 -0.505593 0.000146711
18 -0.50452 -0.505533 0.000150615
19 -0.505733 -0.505544 0.000142852
20 -0.505152 -0.505524 0.000136934
1 -0.494815 -0.494815 0
2 -0.493675 -0.494245 0.000569872
3 -0.492748 -0.493746 0.000597811
4 -0.493171 -0.493602 0.000446478
5 -0.493613 -0.493605 0.000345847
6 -0.493956 -0.493663 0.000288404
7 -0.494454 -0.493776 0.000268641
8 -0.494556 -0.493874 0.000252247
9 -0.494308 -0.493922 0.000227633
10 -0.494476 -0.493977 0.000211013
11 -0.494647 -0.494038 0.000200338
12 -0.494263 -0.494057 0.00018384
13 -0.495384 -0.494159 0.000197539
14 -0.495105 -0.494227 0.000194969
15 -0.494205 -0.494225 0.000181511
16 -0.495472 -0.494303 0.000186823
17 -0.493871 -0.494278 0.00017732
18 -0.494537 -0.494292 0.000167797
19 -0.494187 -0.494287 0.000158817
20 -0.494725 -0.494308 0.000152251
1 -0.482111 -0.482111 0
2 -0.482242 -0.482177 6.5656e-05
3 -0.483042 -0.482465 0.000291042
4 -0.48347 -0.482716 0.000324658
5 -0.483174 -0.482808 0.000267602
6 -0.484057 -0.483016 0.000301747
7 -0.483992 -0.483155 0.000290655
8 -0.484254 -0.483293 0.000286717
9 -0.483226 -0.483285 0.000252969
10 -0.483501 -0.483307 0.000227291
11 -0.483294 -0.483306 0.000205595
12 -0.483504 -0.483322 0.000188404
13 -0.483457 -0.483333 0.000173615
14 -0.483617 -0.483353 0.000162011
15 -0.482831 -0.483318 0.000154778
16 -0.483579 -0.483334 0.000145695
17 -0.482831 -0.483305 0.000140024
18 -0.483321 -0.483306 0.000132019
19 -0.484721 -0.48338 0.000145415
20 -0.484033 -0.483413 0.000141757
1 -0.473409 -0.473409 0
2 -0.473493 -0.473451 4.232e-05
3 -0.473807 -0.47357 0.000121255
4 -0.471658 -0.473092 0.000485515
5 -0.473704 -0.473214 0.000395509
6 -0.472305 -0.473063 0.000356731
7 -0.473866 -0.473178 0.000322573
8 -0.472594 -0.473105 0.000288728
9 -0.472498 -0.473037 0.000263403
10 -0.471829 -0.472916 0.000264773
11 -0.473327 -0.472954 0.000242392
12 -0.471754 -0.472854 0.000242806
13 -0.471744 -0.472768 0.000239096
14 -0.473366 -0.472811 0.000225441
15 -0.473823 -0.472879 0.000220443
16 -0.47384 -0.472939 0.000214783
17 -0.471647 -0.472863 0.000215577
18 -0.472379 -0.472836 0.000205017
19 -0.472136 -0.472799 0.000197396
20 -0.474327 -0.472875 0.000202251
1 -0.462842 -0.462842 0
2 -0.463309 -0.463076 0.000233568
3 -0.462261 -0.462804 0.00030311
4 -0.462363 -0.462694 0.000241113
5 -0.462445 -0.462644 0.000193276
6 -0.461687 -0.462485 0.000224406
7 -0.46154 -0.46235 0.000232752
8 -0.463175 -0.462453 0.000226456
9 -0.462215 -0.462426 0.000201462
10 -0.464016 -0.462585 0.000240303
11 -0.463843 -0.4627 0.000245609
12 -0.462765 -0.462705 0.000224275
13 -0.461746 -0.462631 0.000219103
14 -0.461995 -0.462586 0.00020788
15 -0.462057 -0.462551 0.000196709
16 -0.463096 -0.462585 0.000187138
17 -0.463228 -0.462623 0.000179814
18 -0.462421 -0.462611 0.0001699
19 -0.462495 -0.462605 0.000160825
20 -0.461619 -0.462556 0.000160348
