1 0.854042 0.854042 0
2 0.906371 0.880206 0.0261648
3 0.880997 0.88047 0.0151086
4 0.893234 0.883661 0.0111498
5 0.926365 0.892202 0.0121464
6 0.889364 0.891729 0.00992877
7 0.883426 0.890543 0.00847476
8 0.909164 0.89287 0.00769963
9 0.897478 0.893382 0.00680971
10 0.884194 0.892464 0.0061597
11 0.906966 0.893782 0.00572551
12 0.860577 0.891015 0.00591394
13 0.769106 0.881637 0.0108413
14 0.864836 0.880437 0.0101085
15 0.899398 0.881701 0.00949505
16 0.831068 0.878537 0.00942873
17 0.894328 0.879466 0.00890533
18 0.85587 0.878155 0.00849775
19 0.906631 0.879653 0.0081766
20 0.904276 0.880885 0.00785409
1 0.799052 0.799052 0
2 0.796453 0.797752 0.0012996
3 0.807998 0.801168 0.00349678
4 0.799574 0.800769 0.00250451
5 0.833463 0.807308 0.00682052
6 0.816344 0.808814 0.00576897
7 0.816661 0.809935 0.00500287
8 0.752074 0.802702 0.00843099
9 0.860147 0.809085 0.00979925
10 0.811457 0.809322 0.00876792
11 0.788287 0.80741 0.00815817
12 0.772483 0.804499 0.00799591
13 0.751263 0.800404 0.00841833
14 0.7707 0.798283 0.0080775
15 0.795537 0.7981 0.00752197
16 0.814372 0.799117 0.00710928
17 0.821574 0.800438 0.00680741
18 0.758642 0.798116 0.0068252
19 0.767854 0.796523 0.00664955
20 0.83652 0.798523 0.00661772
1 0.702014 0.702014 0
2 0.639069 0.670541 0.0314724
3 0.597982 0.646355 0.0302514
4 0.623631 0.640674 0.0221325
5 0.72136 0.656811 0.0235439
6 0.651972 0.656005 0.0192405
7 0.62611 0.651734 0.0168126
8 0.666992 0.653641 0.0146845
9 0.666317 0.65505 0.0130269
10 0.727002 0.662245 0.0136942
11 0.637762 0.660019 0.0125853
12 0.728192 0.6657 0.0128166
13 0.656096 0.664961 0.0118127
14 0.673225 0.665552 0.0109523
15 0.638789 0.663768 0.010351
16 0.61707 0.660849 0.0101128
17 0.729228 0.664871 0.0103158
18 0.644558 0.663743 0.00979109
19 0.740039 0.667758 0.0100945
20 0.703756 0.669558 0.00974418
1 0.588779 0.588779 0
2 0.561267 0.575023 0.013756
3 0.509501 0.553182 0.02324
4 0.514656 0.543551 0.0190477
5 0.545629 0.543966 0.0147602
6 0.561813 0.546941 0.0124132
7 0.564222 0.54941 0.0107777
8 0.569243 0.551889 0.00965739
9 0.576061 0.554575 0.00893045
10 0.555309 0.554648 0.00798797
11 0.520028 0.551501 0.00788109
12 0.534876 0.550115 0.0073266
13 0.558145 0.550733 0.00676773
14 0.529758 0.549235 0.00644233
15 0.50558 0.546324 0.00666631
16 0.573336 0.548013 0.00646025
17 0.595048 0.550779 0.00666933
18 0.548978 0.550679 0.0062887
19 0.602134 0.553387 0.00653596
20 0.5601 0.553723 0.00620963
1 0.455344 0.455344 0
2 0.406239 0.430792 0.0245524
3 0.472455 0.444679 0.0198447
4 0.429554 0.440898 0.0145329
5 0.437429 0.440204 0.0112785
6 0.452198 0.442203 0.00942331
7 0.476202 0.44706 0.0093283
8 0.462448 0.448984 0.00830437
9 0.419649 0.445724 0.00801633
10 0.449386 0.44609 0.00717937
11 0.420725 0.443785 0.00689125
12 0.358677 0.436692 0.00948026
13 0.485956 0.440482 0.00950835
14 0.440493 0.440483 0.00880302
15 0.48389 0.443376 0.0086911
16 0.448438 0.443693 0.00813593
17 0.423779 0.442521 0.00773163
18 0.453707 0.443143 0.00731589
19 0.449594 0.443482 0.00692846
20 0.43243 0.44293 0.00659611
1 0.35431 0.35431 0
2 0.394048 0.374179 0.0198688
3 0.357766 0.368708 0.0127092
4 0.357951 0.366019 0.00938049
5 0.329511 0.358717 0.0103009
6 0.39033 0.363986 0.00992463
7 0.392372 0.368041 0.00931666
8 0.364062 0.367544 0.00808378
9 0.34642 0.365197 0.00750564
10 0.35429 0.364106 0.00680126
11 0.3442 0.362296 0.00641261
12 0.354254 0.361626 0.00589213
13 0.345842 0.360412 0.00555431
14 0.352626 0.359856 0.00517227
15 0.328767 0.357783 0.00524223
16 0.368087 0.358427 0.00494577
17 0.364402 0.358779 0.00465901
18 0.353105 0.358463 0.00440385
19 0.340698 0.357528 0.00426927
20 0.375138 0.358409 0.00414479
1 0.314833 0.314833 0
2 0.289137 0.301985 0.012848
3 0.325801 0.309923 0.0108649
4 0.261361 0.297783 0.0143673
5 0.281847 0.294596 0.0115762
6 0.298598 0.295263 0.00947546
7 0.325122 0.299528 0.0090734
8 0.258033 0.294341 0.00941538
9 0.299016 0.294861 0.00831981
10 0.28824 0.294199 0.00747086
11 0.273294 0.292298 0.0070198
12 0.300858 0.293012 0.00644775
13 0.290381 0.292809 0.00593452
14 0.27085 0.291241 0.00571381
15 0.309261 0.292442 0.00545324
16 0.317994 0.294039 0.00534519
17 0.313059 0.295158 0.00514408
18 0.312582 0.296126 0.00494555
19 0.313251 0.297027 0.00476406
20 0.27567 0.295959 0.00464402
1 0.257026 0.257026 0
2 0.242524 0.249775 0.0072508
3 0.217823 0.239124 0.0114437
4 0.273837 0.247802 0.0118655
5 0.201734 0.238589 0.013014
6 0.223927 0.236145 0.0109032
7 0.241706 0.23694 0.00924909
8 0.267296 0.240734 0.00886329
9 0.23621 0.240231 0.00783284
10 0.227233 0.238932 0.00712547
11 0.245624 0.23954 0.00647388
12 0.24447 0.239951 0.00592408
13 0.218042 0.238265 0.005704
14 0.252444 0.239278 0.00537711
15 0.237115 0.239134 0.00500789
16 0.219539 0.237909 0.0048419
17 0.229114 0.237392 0.0045775
18 0.233064 0.237152 0.0043224
19 0.258405 0.23827 0.00423884
20 0.264342 0.239574 0.00422732
1 0.181072 0.181072 0
2 0.197584 0.189328 0.008256
3 0.203014 0.19389 0.006598
4 0.18029 0.19049 0.0057729
5 0.221568 0.196706 0.00765696
6 0.193494 0.19617 0.00627476
7 0.195956 0.19614 0.00530323
8 0.218325 0.198913 0.00536502
9 0.187026 0.197592 0.0049124
10 0.21613 0.199446 0.00476883
11 0.187199 0.198333 0.00445492
12 0.20095 0.198551 0.00407262
13 0.19311 0.198132 0.00376957
14 0.209902 0.198973 0.00358978
15 0.205898 0.199435 0.00337364
16 0.177419 0.198059 0.00344268
17 0.206885 0.198578 0.00327525
18 0.180425 0.197569 0.00324844
19 0.214016 0.198435 0.00319232
20 0.222781 0.199652 0.00326399
1 0.167166 0.167166 0
2 0.17095 0.169058 0.0018924
3 0.168382 0.168833 0.00111555
4 0.166629 0.168282 0.000962196
5 0.16876 0.168377 0.000751425
6 0.163099 0.167498 0.00107253
7 0.163531 0.166931 0.00106899
8 0.177454 0.168247 0.00160853
9 0.17475 0.168969 0.00159205
10 0.174964 0.169569 0.00154502
11 0.181272 0.170633 0.00175643
12 0.194222 0.172598 0.00253674
13 0.168533 0.172286 0.00235432
14 0.166108 0.171844 0.0022239
15 0.17061 0.171762 0.00207197
16 0.177221 0.172103 0.00196795
17 0.180525 0.172599 0.0019138
18 0.166175 0.172242 0.00183929
19 0.158081 0.171496 0.00189272
20 0.178041 0.171824 0.00182516
1 0.140263 0.140263 0
2 0.137718 0.13899 0.0012728
3 0.149299 0.142427 0.00351396
4 0.15061 0.144472 0.00321854
5 0.141677 0.143913 0.002555
6 0.17647 0.149339 0.00581339
7 0.135499 0.147362 0.00529612
8 0.145023 0.14707 0.00459589
9 0.151977 0.147615 0.00408969
10 0.156856 0.148539 0.00377285
11 0.142072 0.147951 0.00346295
12 0.152691 0.148346 0.00318581
13 0.154214 0.148798 0.00296507
14 0.142089 0.148318 0.00278663
15 0.140494 0.147797 0.00264613
16 0.143406 0.147522 0.0024904
17 0.136639 0.146882 0.00242534
18 0.154335 0.147296 0.00232381
19 0.145858 0.147221 0.00219941
20 0.129066 0.146313 0.00227545
1 0.127228 0.127228 0
2 0.115168 0.121198 0.00603
3 0.132773 0.125056 0.00519678
4 0.146417 0.130396 0.00648231
5 0.136085 0.131534 0.00514845
6 0.125528 0.130533 0.00432123
7 0.126993 0.130027 0.00368696
8 0.122511 0.129088 0.00332835
9 0.131173 0.129319 0.00294446
10 0.13611 0.129998 0.00271973
11 0.11541 0.128672 0.00279482
12 0.11847 0.127822 0.00268925
13 0.114648 0.126809 0.00267327
14 0.131384 0.127135 0.00249645
15 0.118854 0.126583 0.00238874
16 0.121498 0.126266 0.00225696
17 0.133371 0.126683 0.00216085
18 0.111534 0.125842 0.00220427
19 0.131463 0.126138 0.00210591
20 0.126385 0.12615 0.00199788
1 0.111944 0.111944 0
2 0.113595 0.11277 0.0008256
3 0.103848 0.109796 0.00301182
4 0.110746 0.110033 0.0021429
5 0.109568 0.10994 0.00166249
6 0.108875 0.109763 0.00136898
7 0.10755 0.109447 0.00119939
8 0.108154 0.109285 0.00105119
9 0.098812 0.108122 0.00148782
10 0.11435 0.108744 0.00146931
11 0.109241 0.10879 0.00132981
12 0.10805 0.108728 0.00121551
13 0.108653 0.108722 0.00111812
14 0.119238 0.109473 0.001279
15 0.114015 0.109776 0.00122858
16 0.106273 0.109557 0.00116991
17 0.11503 0.109879 0.00114513
18 0.128199 0.110897 0.00148375
19 0.100502 0.11035 0.00150634
20 0.110218 0.110343 0.00142905
1 0.0985328 0.0985328 0
2 0.080988 0.0897604 0.0087724
3 0.106507 0.0953427 0.00753746
4 0.0945816 0.0951524 0.00533319
5 0.0959792 0.0953178 0.00413438
6 0.0964792 0.0955113 0.00338125
7 0.106202 0.0970385 0.00324016
8 0.0883904 0.0959575 0.00300708
9 0.10114 0.0965333 0.00271379
10 0.0975568 0.0966357 0.00242945
11 0.0964464 0.0966185 0.00219759
12 0.095784 0.0965489 0.00200732
13 0.094192 0.0963676 0.00185534
14 0.0977208 0.0964643 0.00172043
15 0.0843992 0.0956599 0.00179226
16 0.0906408 0.0953463 0.0017056
17 0.0834904 0.0946488 0.00174734
18 0.0981496 0.0948433 0.00165885
19 0.10325 0.0952858 0.0016303
20 0.089096 0.0949763 0.0015773
1 0.0867176 0.0867176 0
2 0.090652 0.0886848 0.0019672
3 0.0931576 0.0901757 0.00187426
4 0.072236 0.0856908 0.00467665
5 0.075844 0.0837214 0.00412323
6 0.0963448 0.0858253 0.00396993
7 0.0886696 0.0862317 0.00337972
8 0.091152 0.0868467 0.00299085
9 0.0921496 0.0874359 0.00270269
10 0.0921096 0.0879033 0.00246212
11 0.0828904 0.0874476 0.00227322
12 0.0774784 0.0866168 0.00223527
13 0.083096 0.086346 0.00207391
14 0.0762032 0.0856215 0.0020522
15 0.0906232 0.0859549 0.00193938
16 0.0901632 0.086218 0.00183309
17 0.0828656 0.0860208 0.00173314
18 0.0880256 0.0861321 0.00163782
19 0.101559 0.0869441 0.0017491
20 0.0926336 0.0872286 0.00168355
1 0.0729416 0.0729416 0
2 0.079396 0.0761688 0.0032272
3 0.0864232 0.0795869 0.00389297
4 0.075968 0.0786822 0.00289761
5 0.0846288 0.0798715 0.00254011
6 0.0833928 0.0804584 0.00215543
7 0.0710264 0.079111 0.00226584
8 0.078384 0.0790201 0.00196438
9 0.064168 0.0773699 0.0023926
10 0.0879504 0.0784279 0.00238728
11 0.0748976 0.078107 0.0021831
12 0.0779672 0.0780953 0.00199292
13 0.0891384 0.0789448 0.00202047
14 0.0850744 0.0793826 0.00192115
15 0.0719872 0.0788896 0.0018552
16 0.0799632 0.0789567 0.00173668
17 0.07548 0.0787522 0.00164409
18 0.0752272 0.0785564 0.00156239
19 0.0795312 0.0786077 0.00147876
20 0.0861576 0.0789852 0.00145278
1 0.0693016 0.0693016 0
2 0.0787216 0.0740116 0.00471
3 0.0725384 0.0735205 0.0027633
4 0.071716 0.0730694 0.00200535
5 0.0703064 0.0725168 0.00164871
6 0.0719536 0.0724229 0.00134943
7 0.0764848 0.0730032 0.00127961
8 0.0653296 0.072044 0.00146564
9 0.0714344 0.0719763 0.00129435
10 0.0644152 0.0712202 0.00138274
11 0.0654944 0.0706996 0.00135473
12 0.0843568 0.0718377 0.00168068
13 0.0735888 0.0719724 0.00155185
14 0.0639344 0.0713983 0.00154721
15 0.0800656 0.0719761 0.00155195
16 0.0625544 0.0713872 0.0015666
17 0.0717208 0.0714069 0.0014717
18 0.0707984 0.0713731 0.00138794
19 0.073644 0.0714926 0.00131829
20 0.0643472 0.0711353 0.00130067
1 0.0641096 0.0641096 0
2 0.0638424 0.063976 0.0001336
3 0.0583112 0.0620877 0.00188984
4 0.0673056 0.0633922 0.00186745
5 0.0666184 0.0640374 0.00158391
6 0.0696776 0.0649775 0.0015988
7 0.0607152 0.0643686 0.00148209
8 0.0487896 0.0624212 0.00233231
9 0.0697856 0.0632395 0.00221369
10 0.0649616 0.0634117 0.00198746
11 0.0625728 0.0633354 0.00179934
12 0.0702656 0.0639129 0.00174114
13 0.0692864 0.0643263 0.00165409
14 0.0679096 0.0645822 0.00155263
15 0.0710608 0.0650141 0.00150857
16 0.0613 0.064782 0.0014301
17 0.066192 0.0648649 0.00134591
18 0.0606704 0.0646319 0.00129015
19 0.0666608 0.0647387 0.00122503
20 0.0650024 0.0647519 0.00116224
1 0.0611504 0.0611504 0
2 0.063488 0.0623192 0.0011688
3 0.0632104 0.0626163 0.000737301
4 0.0623808 0.0625574 0.000524664
5 0.0569976 0.0614454 0.0011839
6 0.0667936 0.0623368 0.00131489
7 0.0619448 0.0622808 0.00111269
8 0.059708 0.0619592 0.00101587
9 0.05986 0.061726 0.000925778
10 0.0622744 0.0617808 0.000829855
11 0.0529256 0.0609758 0.00110068
12 0.0617504 0.0610403 0.00100685
13 0.056208 0.0606686 0.00099798
14 0.063208 0.06085 0.000941586
15 0.0637888 0.0610459 0.000898197
16 0.0662152 0.061369 0.000900163
17 0.0559376 0.0610495 0.000903904
18 0.0668928 0.0613741 0.000911944
19 0.0596656 0.0612842 0.000867287
20 0.0612432 0.0612822 0.000822783
1 0.054892 0.054892 0
2 0.0590072 0.0569496 0.0020576
3 0.0526728 0.055524 0.00185569
4 0.0575352 0.0560268 0.0014052
5 0.0572376 0.056269 0.00111508
6 0.0536224 0.0558279 0.00101168
7 0.0556456 0.0558018 0.000855422
8 0.0541736 0.0555983 0.000768267
9 0.0577432 0.0558366 0.00071824
10 0.0539328 0.0556462 0.00067003
11 0.0575112 0.0558158 0.000629332
12 0.0599648 0.0561615 0.000670517
13 0.0614584 0.056569 0.000739217
14 0.0541896 0.056399 0.000705169
15 0.0591688 0.0565837 0.000681952
16 0.0516776 0.0562771 0.000707777
17 0.0535536 0.0561168 0.00068387
18 0.0579072 0.0562163 0.000652385
19 0.0583424 0.0563282 0.000627158
20 0.0568 0.0563518 0.000595442
1 0.0573872 0.0573872 0
2 0.0539184 0.0556528 0.0017344
3 0.0481512 0.0531523 0.00269358
4 0.0520784 0.0528838 0.00192348
5 0.047636 0.0518342 0.00182248
6 0.0442424 0.0505689 0.00195328
7 0.0493608 0.0503963 0.00165982
8 0.0443368 0.0496389 0.0016248
9 0.0466344 0.0493051 0.00147131
10 0.0594888 0.0503234 0.001664
11 0.0446568 0.0498083 0.00159086
12 0.0497024 0.0497995 0.00145228
13 0.0586568 0.0504808 0.00149961
14 0.0530296 0.0506629 0.00140026
15 0.049728 0.0506005 0.00130506
16 0.0544608 0.0508418 0.00124438
17 0.0469216 0.0506112 0.00119142
18 0.050712 0.0506168 0.0011233
19 0.0552424 0.0508603 0.00109007
20 0.0536248 0.0509985 0.00104333
1 0.050084 0.050084 0
2 0.0450472 0.0475656 0.0025184
3 0.0444912 0.0465408 0.00177886
4 0.0460216 0.046411 0.00126452
5 0.0415008 0.045429 0.00138701
6 0.043732 0.0451461 0.00116727
7 0.0503016 0.0458826 0.00123112
8 0.0498008 0.0463724 0.0011733
9 0.046396 0.046375 0.00103475
10 0.0504384 0.0467814 0.00101078
11 0.0427616 0.0464159 0.000984612
12 0.0420256 0.0460501 0.000970432
13 0.04284 0.0458031 0.000926191
14 0.0443952 0.0457026 0.000863363
15 0.0475344 0.0458247 0.000812972
16 0.0494112 0.0460488 0.000792814
17 0.0398032 0.0456815 0.000830411
18 0.0516536 0.0460132 0.00085032
19 0.0501416 0.0462305 0.000833154
20 0.0430104 0.0460695 0.000806632
1 0.0475088 0.0475088 0
2 0.0455408 0.0465248 0.000984
3 0.0443736 0.0458077 0.000914842
4 0.0417136 0.0447842 0.00121082
5 0.0399264 0.0438126 0.0013504
6 0.0449296 0.0439988 0.0011182
7 0.038852 0.0432635 0.00119738
8 0.0462016 0.0436308 0.00110008
9 0.037556 0.0429558 0.00118188
10 0.0437288 0.0430331 0.00105993
11 0.0432248 0.0430505 0.0009589
12 0.042764 0.0430267 0.000875677
13 0.0427424 0.0430048 0.000805803
14 0.0470048 0.0432905 0.000798869
15 0.0377816 0.0429233 0.000829445
16 0.0453728 0.0430763 0.000790835
17 0.0456528 0.0432279 0.000758163
18 0.046472 0.0434081 0.000737174
19 0.0446472 0.0434733 0.000700339
20 0.040456 0.0433225 0.000681314
1 0.0379016 0.0379016 0
2 0.0385704 0.038236 0.0003344
3 0.0453768 0.0406163 0.00238808
4 0.0448688 0.0416794 0.00199543
5 0.034112 0.0401659 0.00216325
6 0.0416968 0.0404211 0.00178462
7 0.041116 0.0405203 0.00151154
8 0.0446664 0.0410386 0.00140789
9 0.0455208 0.0415366 0.0013378
10 0.0388056 0.0412635 0.00122734
11 0.0446096 0.0415677 0.00115109
12 0.0444848 0.0418108 0.00107855
13 0.0418512 0.0418139 0.000992122
14 0.0401056 0.0416919 0.000926596
15 0.0433776 0.0418043 0.000869904
16 0.0381288 0.0415745 0.000845524
17 0.0364696 0.0412743 0.000849105
18 0.0371128 0.0410431 0.000833259
19 0.0378184 0.0408733 0.000806249
20 0.041628 0.0409111 0.000765805
1 0.0361976 0.0361976 0
2 0.0358344 0.036016 0.0001816
3 0.038504 0.0368453 0.000835935
4 0.0391216 0.0374144 0.000820506
5 0.0438944 0.0387104 0.00144345
6 0.0379632 0.0385859 0.00118513
7 0.0398944 0.0387728 0.00101892
8 0.0385352 0.0387431 0.000882907
9 0.0414368 0.0390424 0.000834193
10 0.0355736 0.0386955 0.000822817
11 0.0340696 0.038275 0.000854859
12 0.0375056 0.0382109 0.000783005
13 0.04048 0.0383854 0.000741109
14 0.0362624 0.0382338 0.000702691
15 0.0382448 0.0382345 0.00065417
16 0.0348688 0.0380241 0.000647067
17 0.039408 0.0381056 0.000613241
18 0.038044 0.0381021 0.000578179
19 0.0393952 0.0381702 0.000551121
20 0.0392616 0.0382248 0.000525679
1 0.037 0.037 0
2 0.0317152 0.0343576 0.0026424
3 0.0363128 0.0350093 0.00165897
4 0.034236 0.034816 0.00118889
5 0.0387136 0.0355955 0.00120654
6 0.0390048 0.0361637 0.00113726
7 0.0290536 0.035148 0.00139841
8 0.0331728 0.0349011 0.00123597
9 0.0396976 0.035434 0.00121333
10 0.0310576 0.0349964 0.00117016
11 0.0353296 0.0350267 0.00105888
12 0.0323992 0.0348077 0.000991111
13 0.036348 0.0349262 0.000919356
14 0.034312 0.0348823 0.000852289
15 0.0334224 0.034785 0.000799385
16 0.0350232 0.0347999 0.000747904
17 0.035344 0.0348319 0.000703262
18 0.0385248 0.0350371 0.000694057
19 0.0375384 0.0351687 0.000669582
20 0.0351624 0.0351684 0.000635222
1 0.0345536 0.0345536 0
2 0.0346664 0.03461 5.64e-05
3 0.0325424 0.0339208 0.000689969
4 0.0301104 0.0329682 0.00107027
5 0.0320192 0.0327784 0.000850476
6 0.0350984 0.0331651 0.000794806
7 0.0314936 0.0329263 0.000712912
8 0.0289792 0.0324329 0.000790324
9 0.0348992 0.0327069 0.000748935
10 0.0322944 0.0326657 0.000671137
11 0.0402464 0.0333548 0.000918404
12 0.0311336 0.0331697 0.000858575
13 0.0356744 0.0333624 0.000812935
14 0.0344904 0.033443 0.000756932
15 0.0332904 0.0334328 0.000704739
16 0.0383304 0.0337389 0.000726823
17 0.0343472 0.0337747 0.000683669
18 0.030252 0.033579 0.000673624
19 0.0333472 0.0335668 0.000637301
20 0.0339768 0.0335873 0.000604945
1 0.02972 0.02972 0
2 0.0301728 0.0299464 0.0002264
3 0.0348376 0.0315768 0.00163563
4 0.0305672 0.0313244 0.00118379
5 0.0325008 0.0315597 0.000946661
6 0.0298984 0.0312828 0.00082104
7 0.0370928 0.0321128 0.00108185
8 0.0327624 0.032194 0.000940424
9 0.0317952 0.0321497 0.000830559
10 0.0347736 0.0324121 0.000787852
11 0.033144 0.0324786 0.000715739
12 0.035312 0.0327147 0.000694732
13 0.030572 0.0325499 0.000659974
14 0.031092 0.0324458 0.000619828
15 0.0304264 0.0323111 0.000592524
16 0.0343336 0.0324376 0.000568487
17 0.0314784 0.0323811 0.000536973
18 0.030916 0.0322997 0.000512764
19 0.0336536 0.032371 0.000490233
20 0.030952 0.0323 0.000470456
1 0.0284352 0.0284352 0
2 0.0285208 0.028478 4.28e-05
3 0.0322824 0.0297461 0.00126837
4 0.0275656 0.029201 0.00104955
5 0.028452 0.0290512 0.000826664
6 0.0321888 0.0295741 0.00085384
7 0.0297648 0.0296014 0.00072214
8 0.0338856 0.0301369 0.00082335
9 0.0261784 0.0296971 0.000848948
10 0.0290632 0.0296337 0.000761964
11 0.0343784 0.030065 0.000813068
12 0.031096 0.0301509 0.000747182
13 0.0282752 0.0300066 0.000702289
14 0.0295464 0.0299738 0.000651024
15 0.0310128 0.030043 0.000610016
16 0.0306176 0.030079 0.000571747
17 0.030188 0.0300854 0.000537101
18 0.0306936 0.0301192 0.00050751
19 0.0317448 0.0302047 0.000487621
20 0.0314688 0.0302679 0.000466896
1 0.0280416 0.0280416 0
2 0.0261936 0.0271176 0.000924
3 0.0300528 0.028096 0.00111439
4 0.0321992 0.0291218 0.00129352
5 0.0305728 0.029412 0.00104314
6 0.0317344 0.0297991 0.000935544
7 0.0316096 0.0300577 0.000831909
8 0.0312936 0.0302122 0.000736831
9 0.030104 0.0302002 0.000649935
10 0.0274472 0.0299249 0.000643212
11 0.0314072 0.0300596 0.000597209
12 0.0283496 0.0299171 0.000563491
13 0.0267424 0.0296729 0.000572985
14 0.0311144 0.0297759 0.000540381
15 0.0308184 0.0298454 0.000507845
16 0.0320048 0.0299804 0.000493846
17 0.0301344 0.0299894 0.000463976
18 0.0300728 0.029994 0.000437465
19 0.025432 0.0297539 0.000478417
20 0.0286704 0.0296998 0.000457088
1 0.0257104 0.0257104 0
2 0.0261872 0.0259488 0.0002384
3 0.0312296 0.0277091 0.00176564
4 0.0265272 0.0274136 0.00128298
5 0.0240184 0.0267346 0.00120363
6 0.0270632 0.0267893 0.000984283
7 0.0279672 0.0269576 0.000848719
8 0.0252472 0.0267438 0.000765476
9 0.0193744 0.025925 0.00106123
10 0.0287328 0.0262058 0.000989852
11 0.0293664 0.0264931 0.00094033
12 0.0236656 0.0262575 0.000890151
13 0.0267328 0.026294 0.000819636
14 0.0299896 0.026558 0.000803437
15 0.0251016 0.0264609 0.000754234
16 0.022816 0.0262331 0.000741388
17 0.0287696 0.0263823 0.000712217
18 0.029616 0.026562 0.000695102
19 0.025008 0.0264802 0.000662568
20 0.0255768 0.026435 0.000630188
