1 89.7046 89.7046 0
2 89.9373 89.821 0.116355
3 88.6789 89.4403 0.386563
4 88.514 89.2087 0.358246
5 92.2364 89.8143 0.666097
6 90.7516 89.9705 0.565859
7 87.8356 89.6655 0.567208
8 90.4339 89.7616 0.500519
9 90.302 89.8216 0.445482
10 90.7247 89.9119 0.408558
11 90.4869 89.9642 0.373234
12 88.7422 89.8624 0.355607
13 87.3252 89.6672 0.380907
14 88.7096 89.5988 0.359224
15 89.6221 89.6003 0.334423
16 87.6849 89.4806 0.334948
17 92.2031 89.6408 0.353041
18 91.4239 89.7398 0.347279
19 90.1954 89.7638 0.329367
20 91.654 89.8583 0.326445
1 75.1354 75.1354 0
2 74.9761 75.0558 0.0796524
3 73.1847 74.4321 0.625393
4 72.8334 74.0324 0.596066
5 74.2424 74.0744 0.463616
6 74.8999 74.212 0.402766
7 73.766 74.1483 0.346309
8 70.9049 73.7428 0.504296
9 76.5016 74.0494 0.540147
10 73.4302 73.9875 0.487074
11 71.7546 73.7845 0.485089
12 72.3689 73.6665 0.458266
13 70.2533 73.4039 0.496622
14 73.3144 73.3975 0.459827
15 73.7563 73.4215 0.428744
16 72.8635 73.3866 0.402567
17 75.1037 73.4876 0.391403
18 72.5024 73.4329 0.373056
19 73.2336 73.4224 0.353031
20 75.6913 73.5358 0.353607
1 58.7057 58.7057 0
2 56.3905 57.5481 1.1576
3 51.5976 55.5646 2.09307
4 53.1533 54.9618 1.59809
5 57.3748 55.4444 1.32862
6 57.4056 55.7712 1.13299
7 56.409 55.8623 0.961875
8 55.632 55.8335 0.833506
9 56.642 55.9234 0.740551
10 60.6077 56.3918 0.811271
11 55.7513 56.3336 0.736129
12 57.3813 56.4209 0.677639
13 54.8119 56.2971 0.635506
14 56.7244 56.3276 0.589155
15 54.4592 56.2031 0.562441
16 55.935 56.1863 0.526382
17 60.0998 56.4165 0.545413
18 58.5698 56.5362 0.527951
19 59.1011 56.6712 0.517317
20 59.0706 56.7911 0.505221
1 44.4512 44.4512 0
2 43.0518 43.7515 0.699705
3 40.6537 42.7189 1.10881
4 40.7975 42.2385 0.919493
5 42.4559 42.282 0.713562
6 43.6065 42.5028 0.62304
7 42.8608 42.5539 0.529042
8 42.334 42.5264 0.458988
9 43.8357 42.6719 0.430135
10 42.0993 42.6146 0.388963
11 42.4598 42.6006 0.352112
12 41.6077 42.5178 0.33191
13 41.0498 42.4049 0.325528
14 40.6379 42.2787 0.326741
15 41.5579 42.2306 0.307951
16 43.1158 42.2859 0.293326
17 45.68 42.4856 0.340261
18 43.0035 42.5144 0.322089
19 45.0994 42.6504 0.333665
20 41.8161 42.6087 0.31928
1 33.0435 33.0435 0
2 30.6633 31.8534 1.19012
3 32.6909 32.1326 0.741667
4 31.4231 31.9552 0.553618
5 31.6798 31.9002 0.432354
6 31.5871 31.848 0.35685
7 34.2257 32.1876 0.45424
8 32.3921 32.2132 0.394213
9 30.6311 32.0374 0.389577
10 32.3159 32.0653 0.349559
11 31.2458 31.9908 0.324847
12 30.3499 31.854 0.326552
13 32.8067 31.9273 0.309195
14 31.3695 31.8875 0.289018
15 32.3271 31.9168 0.270653
16 32.3262 31.9424 0.254462
17 30.5778 31.8621 0.252142
18 33.1159 31.9317 0.247717
19 32.2009 31.9459 0.234744
20 32.3454 31.9659 0.223592
1 23.9802 23.9802 0
2 25.0308 24.5055 0.525312
3 23.2685 24.0932 0.51186
4 23.9572 24.0592 0.363532
5 22.7908 23.8055 0.379011
6 25.0625 24.015 0.373704
7 24.5079 24.0854 0.32359
8 24.4574 24.1319 0.284069
9 23.3612 24.0463 0.264758
10 24.7403 24.1157 0.246765
11 23.2248 24.0347 0.237447
12 23.9357 24.0264 0.216916
13 23.5127 23.9869 0.203409
14 23.8464 23.9769 0.188587
15 23.8948 23.9714 0.17565
16 23.5815 23.9471 0.166103
17 24.3668 23.9717 0.157968
18 23.5676 23.9493 0.150617
19 23.6587 23.934 0.143288
20 24.2608 23.9503 0.136913
1 19.0055 19.0055 0
2 18.7894 18.8975 0.10805
3 19.3192 19.038 0.153784
4 18.7937 18.977 0.124723
5 18.1342 18.8084 0.194271
6 19.4002 18.907 0.186785
7 19.1667 18.9441 0.162162
8 17.6582 18.7834 0.213452
9 19.0327 18.8111 0.190274
10 19.3464 18.8646 0.178406
11 18.1729 18.8017 0.173194
12 19.2635 18.8402 0.162719
13 18.2975 18.7985 0.155392
14 17.4202 18.7 0.174324
15 18.3506 18.6767 0.16395
16 18.7923 18.684 0.153532
17 19.3836 18.7251 0.149975
18 19.4446 18.7651 0.146939
19 18.941 18.7743 0.139299
20 18.4662 18.7589 0.133045
1 15.0341 15.0341 0
2 14.5388 14.7865 0.247681
3 14.9827 14.8519 0.157252
4 15.2673 14.9557 0.152156
5 13.3996 14.6445 0.332792
6 14.1703 14.5655 0.282984
7 14.441 14.5477 0.239825
8 14.8718 14.5882 0.211608
9 14.1575 14.5404 0.19266
10 14.8282 14.5691 0.174708
11 15.0197 14.6101 0.163251
12 14.9778 14.6408 0.152145
13 14.6164 14.6389 0.139966
14 14.6634 14.6406 0.129595
15 14.7392 14.6472 0.120825
16 14.5155 14.639 0.113321
17 15.1787 14.6707 0.111079
18 14.3961 14.6555 0.105832
19 14.8578 14.6661 0.100672
20 14.8849 14.677 0.09613
1 11.6774 11.6774 0
2 11.6915 11.6845 0.007056
3 11.7187 11.6959 0.0121035
4 11.6425 11.6825 0.0158531
5 12.2697 11.8 0.118082
6 11.6272 11.7712 0.100619
7 11.4977 11.7321 0.0935861
8 12.2002 11.7906 0.0999638
9 11.5662 11.7657 0.0916192
10 12.4808 11.8372 0.108762
11 11.6662 11.8216 0.0995986
12 12.2565 11.8579 0.0978767
13 11.9078 11.8617 0.0901154
14 11.583 11.8418 0.0857728
15 12.0761 11.8574 0.0813636
16 11.758 11.8512 0.0763619
17 11.8916 11.8536 0.0717688
18 11.8287 11.8522 0.0676783
19 12.1271 11.8667 0.0656313
20 12.3183 11.8893 0.0662321
1 9.6053 9.6053 0
2 9.61091 9.6081 0.00280337
3 9.55557 9.59059 0.0175857
4 9.67904 9.61271 0.0253693
5 9.75112 9.64039 0.0339487
6 9.60047 9.63374 0.0285063
7 9.54994 9.62176 0.0269022
8 9.67435 9.62834 0.0242075
9 9.56758 9.62159 0.0223909
10 9.87126 9.64655 0.032007
11 10.179 9.69496 0.0564052
12 10.4857 9.76086 0.0836284
13 9.74762 9.75984 0.0769337
14 9.3797 9.73269 0.0762269
15 10.0103 9.7512 0.0733371
16 10.0598 9.77048 0.0712599
17 10.015 9.78487 0.0684654
18 9.4651 9.7671 0.0669497
19 9.77306 9.76742 0.0633289
20 10.0791 9.783 0.0620677
1 7.85676 7.85676 0
2 8.09879 7.97777 0.121016
3 8.30083 8.08546 0.128365
4 8.5542 8.20264 0.148227
5 8.25372 8.21286 0.115269
6 8.66897 8.28888 0.120983
7 8.26336 8.28523 0.102314
8 8.20015 8.2746 0.0892426
9 8.57063 8.30749 0.0853014
10 8.44504 8.32124 0.0775259
11 8.16085 8.30666 0.0716248
12 8.24188 8.30126 0.0656066
13 8.26737 8.29866 0.0604056
14 8.17882 8.2901 0.056576
15 7.98521 8.26977 0.0564554
16 8.24417 8.26817 0.0528334
17 8.23598 8.26628 0.0496645
18 8.308 8.26859 0.0468815
19 8.0604 8.25764 0.0456791
20 8.15616 8.25256 0.0436311
1 7.136 7.136 0
2 6.68916 6.91258 0.223417
3 7.06797 6.96437 0.139001
4 7.2032 7.02408 0.115002
5 7.16308 7.05188 0.0933168
6 6.9939 7.04222 0.0768032
7 6.87915 7.01892 0.0689639
8 7.00787 7.01754 0.0597404
9 7.01762 7.01755 0.0526861
10 6.99888 7.01568 0.0471609
11 6.91979 7.00697 0.0435402
12 6.92638 7.00025 0.0403098
13 7.15197 7.01192 0.0388729
14 6.84792 7.00021 0.0378477
15 7.01275 7.00104 0.0352442
16 7.0166 7.00202 0.0329823
17 6.88982 6.99542 0.0316766
18 6.62756 6.97498 0.0361879
19 6.99327 6.97594 0.0342439
20 7.10371 6.98233 0.0331088
1 6.13185 6.13185 0
2 5.9173 6.02458 0.107274
3 5.91048 5.98654 0.0726808
4 6.23813 6.04944 0.081223
5 6.03355 6.04626 0.0629952
6 5.9533 6.03077 0.0537184
7 5.98911 6.02482 0.0457888
8 5.99687 6.02132 0.0398079
9 6.08152 6.02801 0.0357388
10 5.98141 6.02335 0.0323036
11 6.11727 6.03189 0.0304415
12 5.95662 6.02562 0.0284883
13 6.04303 6.02696 0.0262396
14 6.05982 6.0293 0.0244063
15 6.04034 6.03004 0.022733
16 5.84772 6.01864 0.0241254
17 6.21662 6.03029 0.025479
18 6.16167 6.03759 0.0251061
19 5.91302 6.03103 0.0246365
20 6.06445 6.0327 0.0234318
1 5.28014 5.28014 0
2 5.3046 5.29237 0.0122317
3 5.3584 5.31438 0.0231149
4 5.24835 5.29787 0.0232291
5 5.24373 5.28704 0.0209997
6 5.29136 5.28776 0.0171613
7 5.33336 5.29428 0.0158998
8 5.22891 5.28611 0.0160112
9 5.24333 5.28135 0.014899
10 5.28481 5.2817 0.0133305
11 5.28774 5.28225 0.0120704
12 5.255 5.27998 0.0112503
13 5.29845 5.2814 0.0104459
14 5.28381 5.28157 0.00967256
15 5.18445 5.2751 0.0110909
16 5.23124 5.27236 0.0107305
17 5.26558 5.27196 0.0100874
18 5.22865 5.26955 0.00981009
19 5.32117 5.27227 0.009669
20 5.26389 5.27185 0.00918238
1 4.57549 4.57549 0
2 4.70055 4.63802 0.062528
3 4.76369 4.67991 0.0552985
4 4.54657 4.64658 0.0513827
5 4.60548 4.63836 0.0406407
6 4.77398 4.66096 0.04015
7 4.67635 4.66316 0.0340041
8 4.72169 4.67048 0.0303438
9 4.7423 4.67846 0.0279254
10 4.69086 4.6797 0.025008
11 4.61716 4.67401 0.0233242
12 4.7075 4.6768 0.021474
13 4.56584 4.66827 0.0215184
14 4.57873 4.66187 0.0209236
15 4.77383 4.66933 0.0208599
16 4.63173 4.66698 0.0196537
17 4.69829 4.66883 0.018553
18 4.7328 4.67238 0.0178494
19 4.80624 4.67942 0.0182947
20 4.69544 4.68023 0.0173744
1 4.15039 4.15039 0
2 4.19759 4.17399 0.0235981
3 4.19286 4.18028 0.0150066
4 4.16499 4.17646 0.0112788
5 4.2156 4.18429 0.0117302
6 4.11728 4.17312 0.0147124
7 4.14939 4.16973 0.012888
8 4.10387 4.1615 0.0138688
9 3.99172 4.14263 0.0224826
10 4.17097 4.14547 0.0203077
11 4.09225 4.14063 0.0189953
12 4.21609 4.14692 0.0184453
13 4.18885 4.15014 0.0172711
14 4.23677 4.15633 0.0171454
15 4.15676 4.15636 0.0159615
16 4.23438 4.16124 0.0157068
17 4.16776 4.16162 0.014759
18 4.2328 4.16557 0.014466
19 4.23116 4.16903 0.0141122
20 4.18559 4.16985 0.0134135
1 3.66602 3.66602 0
2 3.76782 3.71692 0.0508966
3 3.82747 3.75377 0.0471308
4 3.77036 3.75792 0.0335836
5 3.74785 3.7559 0.0260916
6 3.69177 3.74521 0.0238352
7 3.77593 3.7496 0.0206167
8 3.75851 3.75072 0.0178893
9 3.7102 3.74621 0.0164065
10 3.76095 3.74769 0.0147482
11 3.874 3.75917 0.0176019
12 3.78599 3.76141 0.0162229
13 3.72483 3.75859 0.0151858
14 3.72967 3.75653 0.0142103
15 3.82294 3.76096 0.0139503
16 3.65799 3.75452 0.0145499
17 3.6446 3.74805 0.0151196
18 3.75633 3.74851 0.0142623
19 3.72308 3.74718 0.013557
20 3.7107 3.74535 0.01299
1 3.3739 3.3739 0
2 3.37426 3.37408 0.000180148
3 3.42258 3.39025 0.0161694
4 3.43742 3.40204 0.0164266
5 3.4067 3.40297 0.0127581
6 3.33701 3.39198 0.0151446
7 3.4026 3.3935 0.0128892
8 3.38759 3.39276 0.0111868
9 3.39503 3.39301 0.00986906
10 3.45655 3.39936 0.0108765
11 3.36568 3.3963 0.0103037
12 3.39043 3.39581 0.00941863
13 3.4457 3.39965 0.00947573
14 3.41182 3.40052 0.00881581
15 3.36407 3.39809 0.00855918
16 3.36248 3.39586 0.00830996
17 3.45159 3.39914 0.00846615
18 3.32299 3.39491 0.00903376
19 3.42259 3.39637 0.0086684
20 3.37953 3.39553 0.00826655
1 3.06451 3.06451 0
2 3.11131 3.08791 0.0233977
3 3.06547 3.08043 0.0154415
4 3.15104 3.09808 0.0207581
5 3.17233 3.11293 0.0218879
6 3.15848 3.12052 0.019417
7 3.10783 3.11871 0.0165103
8 3.14831 3.12241 0.0147693
9 3.08379 3.11812 0.0137139
10 3.08443 3.11475 0.0127203
11 3.01247 3.10545 0.0147931
12 3.03617 3.09968 0.0146866
13 3.07256 3.09759 0.0136699
14 3.1284 3.09979 0.0128457
15 3.21036 3.10716 0.0140479
16 3.12164 3.10807 0.0131717
17 3.15016 3.11054 0.0126179
18 3.06757 3.10816 0.0121335
19 3.16381 3.11109 0.011845
20 3.08885 3.10997 0.011292
1 2.88029 2.88029 0
2 2.76431 2.8223 0.0579884
3 2.80262 2.81574 0.0341163
4 2.82134 2.81714 0.0241645
5 2.83304 2.82032 0.018986
6 2.855 2.8261 0.0165448
7 2.89557 2.83603 0.0171468
8 2.81157 2.83297 0.015161
9 2.88455 2.8387 0.0145474
10 2.81284 2.83611 0.0132661
11 2.86654 2.83888 0.0123144
12 2.84574 2.83945 0.011256
13 2.85109 2.84035 0.0103927
14 2.81349 2.83843 0.00981117
15 2.85819 2.83975 0.00922821
16 2.83486 2.83944 0.0086376
17 2.83631 2.83926 0.0081157
18 2.83296 2.83891 0.00765955
19 2.92566 2.84347 0.00856404
20 2.84127 2.84336 0.0081253
1 2.62141 2.62141 0
2 2.59647 2.60894 0.0124693
3 2.61426 2.61071 0.00741483
4 2.65101 2.62079 0.0113577
5 2.60708 2.61805 0.00921465
6 2.5813 2.61192 0.00970169
7 2.60901 2.61151 0.00820995
8 2.59078 2.60892 0.00756728
9 2.56781 2.60435 0.00808683
10 2.63551 2.60746 0.00787589
11 2.58368 2.6053 0.007445
12 2.59292 2.60427 0.00687416
13 2.60279 2.60416 0.00632433
14 2.5913 2.60324 0.00592678
15 2.62975 2.60501 0.00579369
16 2.64437 2.60747 0.00595177
17 2.57295 2.60544 0.00594808
18 2.64514 2.60764 0.00602611
19 2.60777 2.60765 0.00570013
20 2.55531 2.60503 0.00600745
1 2.46042 2.46042 0
2 2.35255 2.40649 0.0539345
3 2.37397 2.39565 0.0329719
4 2.40163 2.39714 0.0233625
5 2.4084 2.39939 0.018236
6 2.3675 2.39408 0.0158103
7 2.3958 2.39432 0.0133644
8 2.38843 2.39359 0.0115974
9 2.3283 2.38633 0.012539
10 2.40524 2.38822 0.0113735
11 2.32299 2.38229 0.0118748
12 2.34995 2.3796 0.0111702
13 2.40664 2.38168 0.0104836
14 2.35986 2.38012 0.00983026
15 2.37496 2.37978 0.00915793
16 2.49342 2.38688 0.0111279
17 2.37808 2.38636 0.0104656
18 2.38747 2.38642 0.00986729
19 2.43874 2.38918 0.00973123
20 2.42184 2.39081 0.00937523
1 2.28619 2.28619 0
2 2.27489 2.28054 0.00565
3 2.25894 2.27334 0.00790296
4 2.23762 2.26441 0.0105356
5 2.22957 2.25744 0.0107312
6 2.2758 2.2605 0.00928073
7 2.25122 2.25918 0.00795485
8 2.21595 2.25377 0.0087551
9 2.18714 2.24637 0.0106972
10 2.23014 2.24475 0.00970446
11 2.22662 2.2431 0.00893127
12 2.26452 2.24488 0.00834627
13 2.21782 2.2428 0.00795472
14 2.21079 2.24052 0.0077115
15 2.17397 2.23608 0.00843901
16 2.23 2.2357 0.0079031
17 2.21387 2.23442 0.00753392
18 2.23296 2.23433 0.00710351
19 2.2338 2.23431 0.00671931
20 2.19655 2.23242 0.00664816
1 2.11506 2.11506 0
2 2.04371 2.07939 0.0356752
3 2.08795 2.08224 0.0207939
4 2.13527 2.0955 0.0197979
5 2.05928 2.08825 0.0169603
6 2.10914 2.09173 0.0142787
7 2.07366 2.08915 0.0123407
8 2.14889 2.09662 0.0130377
9 2.11583 2.09875 0.0116945
10 2.07335 2.09621 0.0107639
11 2.12775 2.09908 0.0101497
12 2.05399 2.09532 0.00999819
13 2.07839 2.09402 0.00928883
14 2.06871 2.09221 0.00878783
15 2.09993 2.09273 0.00819717
16 2.05039 2.09008 0.00811144
17 2.06865 2.08882 0.007723
18 2.06975 2.08776 0.00735797
19 2.08509 2.08762 0.00696137
20 2.06632 2.08656 0.00668945
1 1.94299 1.94299 0
2 1.95293 1.94796 0.00497318
3 1.92917 1.9417 0.00688857
4 1.95851 1.9459 0.00643411
5 1.95057 1.94684 0.00507059
6 1.91403 1.94137 0.00685883
7 1.96179 1.94429 0.0064897
8 1.9465 1.94456 0.00562703
9 1.91223 1.94097 0.00612638
10 1.968 1.94367 0.00611027
11 1.91829 1.94136 0.00598937
12 1.97739 1.94437 0.00623731
13 1.96812 1.94619 0.00602143
14 1.92718 1.94484 0.00573788
15 1.93617 1.94426 0.00537282
16 1.92066 1.94278 0.0052377
17 1.93048 1.94206 0.0049729
18 1.95304 1.94267 0.00472804
19 1.96274 1.94373 0.00459537
20 1.93461 1.94327 0.00438332
1 1.82245 1.82245 0
2 1.82641 1.82443 0.00198309
3 1.81008 1.81965 0.00491865
4 1.82669 1.82141 0.0038988
5 1.8185 1.82083 0.00307554
6 1.82218 1.82105 0.0025212
7 1.81118 1.81964 0.00255558
8 1.81534 1.8191 0.00227745
9 1.80443 1.81747 0.00258705
10 1.80978 1.8167 0.00243855
11 1.82857 1.81778 0.00245533
12 1.79998 1.8163 0.002688
13 1.8237 1.81687 0.00253736
14 1.7985 1.81556 0.00269073
15 1.845 1.81752 0.00318262
16 1.79628 1.81619 0.00325957
17 1.85251 1.81833 0.00373358
18 1.83024 1.81899 0.00358167
19 1.79858 1.81792 0.00355411
20 1.84059 1.81905 0.00355719
1 1.71861 1.71861 0
2 1.73406 1.72634 0.00772844
3 1.73771 1.73013 0.00585557
4 1.71102 1.72535 0.00632165
5 1.71902 1.72408 0.00505796
6 1.72308 1.72392 0.00413319
7 1.68163 1.71788 0.00697794
8 1.69574 1.71511 0.00664625
9 1.71332 1.71491 0.00586484
10 1.71361 1.71478 0.00524728
11 1.74844 1.71784 0.00564734
12 1.70235 1.71655 0.00531444
13 1.73261 1.71779 0.0050422
14 1.70252 1.71669 0.00479379
15 1.73205 1.71772 0.00457866
16 1.73854 1.71902 0.00447634
17 1.71073 1.71853 0.004233
18 1.73313 1.71934 0.00407251
19 1.70118 1.71839 0.00396901
20 1.74759 1.71985 0.00403859
1 1.61657 1.61657 0
2 1.60357 1.61007 0.00650292
3 1.61545 1.61186 0.0041602
4 1.5668 1.6006 0.0116435
5 1.62314 1.60511 0.0100828
6 1.62495 1.60841 0.00887182
7 1.59114 1.60594 0.00789367
8 1.61218 1.60672 0.00688044
9 1.61089 1.60719 0.00608562
10 1.64375 1.61084 0.00655691
11 1.61121 1.61088 0.00593104
12 1.62028 1.61166 0.00547073
13 1.60987 1.61152 0.00503422
14 1.59082 1.61004 0.00488975
15 1.61399 1.61031 0.00455971
16 1.63681 1.61196 0.00457556
17 1.60542 1.61158 0.00431519
18 1.63609 1.61294 0.00429031
19 1.58418 1.61143 0.00433142
20 1.58211 1.60996 0.00436269
1 1.47584 1.47584 0
2 1.50929 1.49256 0.0167246
3 1.52435 1.50316 0.0143341
4 1.53844 1.51198 0.0134356
5 1.53092 1.51577 0.011075
6 1.53795 1.51946 0.00976943
7 1.52535 1.5203 0.00829946
8 1.51936 1.52019 0.0071885
9 1.51205 1.51928 0.00640373
10 1.54862 1.52222 0.00643506
11 1.55937 1.52559 0.00672967
12 1.52085 1.5252 0.00615601
13 1.50797 1.52387 0.00581567
14 1.54828 1.52562 0.00565949
15 1.51413 1.52485 0.00532408
16 1.52389 1.52479 0.00498059
17 1.53335 1.52529 0.00470546
18 1.50803 1.52434 0.00453888
19 1.5539 1.52589 0.00456654
20 1.54894 1.52704 0.00448288
1 1.42931 1.42931 0
2 1.44142 1.43536 0.00605703
3 1.45988 1.44354 0.00888858
4 1.42612 1.43918 0.00764603
5 1.455 1.44235 0.0067145
6 1.47036 1.44701 0.00720126
7 1.46479 1.44955 0.00659456
8 1.43811 1.44812 0.00588761
9 1.44041 1.44727 0.00526262
10 1.45017 1.44756 0.00471598
11 1.44104 1.44696 0.0043067
12 1.41584 1.44437 0.00470969
13 1.42737 1.44306 0.00452531
14 1.45666 1.44403 0.00430065
15 1.47653 1.4462 0.00455208
16 1.45704 1.44688 0.0043116
17 1.44679 1.44687 0.00405005
18 1.44542 1.44679 0.00381927
19 1.45443 1.44719 0.00363498
20 1.46351 1.44801 0.00354361
1 1.37016 1.37016 0
2 1.40384 1.387 0.0168416
3 1.36551 1.37984 0.0120783
4 1.3832 1.38068 0.00858186
5 1.37748 1.38004 0.00667821
6 1.34827 1.37474 0.00759993
7 1.3605 1.37271 0.00673769
8 1.3861 1.37438 0.00607016
9 1.34851 1.37151 0.00607658
10 1.37738 1.3721 0.00546671
11 1.3798 1.3728 0.00499413
12 1.38197 1.37356 0.00462261
13 1.37794 1.3739 0.00426552
14 1.38535 1.37471 0.00403297
15 1.39179 1.37585 0.00392323
16 1.37844 1.37601 0.0036734
17 1.36191 1.37518 0.00354894
18 1.38857 1.37593 0.00342765
19 1.36847 1.37554 0.00326589
20 1.35289 1.3744 0.00329871
