1 0.281022 0.281022 0
2 0.282305 0.281663 0.000641454
3 0.284889 0.282739 0.00113725
4 0.310538 0.289688 0.00699614
5 0.221444 0.27604 0.0146853
6 0.250365 0.27176 0.0127312
7 0.306089 0.276665 0.0118247
8 0.259577 0.274529 0.0104609
9 0.264224 0.273384 0.00929645
10 0.256129 0.271658 0.00849213
11 0.253113 0.269972 0.00786426
12 0.293594 0.271941 0.00744406
13 0.328545 0.276295 0.00811464
14 0.285995 0.276988 0.00754458
15 0.279473 0.277153 0.00702558
16 0.316967 0.279642 0.00702714
17 0.225363 0.276449 0.0073325
18 0.237996 0.274313 0.00723569
19 0.266416 0.273897 0.00685688
20 0.237797 0.272092 0.00675079
1 0.378931 0.378931 0
2 0.388716 0.383824 0.00489247
3 0.3955 0.387716 0.00480908
4 0.397434 0.390145 0.00417921
5 0.385251 0.389166 0.00338196
6 0.382216 0.388008 0.00299448
7 0.380063 0.386873 0.00277368
8 0.44923 0.394668 0.00815636
9 0.366457 0.391533 0.00784653
10 0.392449 0.391625 0.00701875
11 0.419971 0.394202 0.00685174
12 0.417408 0.396135 0.0065469
13 0.439991 0.399509 0.00690276
14 0.401435 0.399646 0.00639219
15 0.400742 0.39972 0.00595125
16 0.398914 0.399669 0.00556712
17 0.38901 0.399042 0.00526685
18 0.406767 0.399471 0.00498415
19 0.402824 0.399648 0.00471783
20 0.376325 0.398482 0.00462515
1 0.484583 0.484583 0
2 0.501122 0.492853 0.00826945
3 0.498446 0.494717 0.00512548
4 0.530374 0.503631 0.00962276
5 0.478491 0.498603 0.00899104
6 0.484453 0.496245 0.00771066
7 0.489345 0.495259 0.00659082
8 0.496038 0.495357 0.00570865
9 0.513804 0.497406 0.0054358
10 0.481436 0.495809 0.00511749
11 0.495882 0.495816 0.00462895
12 0.465504 0.49329 0.00492305
13 0.49077 0.493096 0.0045327
14 0.484188 0.49246 0.00424442
15 0.496186 0.492708 0.00395914
16 0.490208 0.492552 0.00370674
17 0.462463 0.490782 0.00390591
18 0.485358 0.490481 0.00369484
19 0.513024 0.491667 0.00369088
20 0.483453 0.491256 0.00352549
1 0.520995 0.520995 0
2 0.505563 0.513279 0.00771601
3 0.519464 0.515341 0.00490885
4 0.535844 0.520467 0.00619062
5 0.525462 0.521466 0.00489822
6 0.524849 0.52203 0.00403893
7 0.534421 0.5238 0.00384522
8 0.516504 0.522888 0.00345268
9 0.519788 0.522543 0.00306439
10 0.527827 0.523072 0.00279133
11 0.527478 0.523472 0.00255643
12 0.525683 0.523657 0.00234096
13 0.512296 0.522783 0.00232395
14 0.531533 0.523408 0.00224049
15 0.527317 0.523668 0.00210201
16 0.517862 0.523305 0.00199946
17 0.502948 0.522108 0.00222745
18 0.503032 0.521048 0.00235231
19 0.52215 0.521106 0.00222582
20 0.516888 0.520895 0.00212211
1 0.523794 0.523794 0
2 0.536587 0.53019 0.00639647
3 0.53545 0.531944 0.00408806
4 0.53553 0.53284 0.00302652
5 0.544814 0.535235 0.00335127
6 0.52215 0.533054 0.00349905
7 0.525005 0.531904 0.00317294
8 0.53535 0.532335 0.0027814
9 0.513834 0.530279 0.00320046
10 0.537688 0.53102 0.00295689
11 0.510883 0.529189 0.00324112
12 0.522483 0.528631 0.00301103
13 0.51885 0.527878 0.00287011
14 0.508386 0.526486 0.00299988
15 0.539183 0.527332 0.00291821
16 0.525917 0.527244 0.00273117
17 0.538794 0.527923 0.00265393
18 0.532996 0.528205 0.00251797
19 0.544067 0.52904 0.00252383
20 0.529148 0.529045 0.00239432
1 0.521252 0.521252 0
2 0.525673 0.523463 0.00221049
3 0.503927 0.516951 0.00663584
4 0.527517 0.519592 0.00538473
5 0.509419 0.517558 0.00464074
6 0.523915 0.518617 0.0039345
7 0.511027 0.517533 0.00349759
8 0.523621 0.518294 0.00312313
9 0.499934 0.516254 0.00342753
10 0.511695 0.515798 0.00309938
11 0.499707 0.514335 0.00316218
12 0.529559 0.515604 0.00315314
13 0.503668 0.514686 0.00304232
14 0.51324 0.514582 0.00281853
15 0.513758 0.514528 0.00262449
16 0.485839 0.512735 0.00304004
17 0.530001 0.51375 0.00303086
18 0.499184 0.512941 0.0029699
19 0.509161 0.512742 0.00281628
20 0.509387 0.512574 0.00267701
1 0.515544 0.515544 0
2 0.496373 0.505959 0.00958537
3 0.507955 0.506624 0.00557401
4 0.49746 0.504333 0.00455885
5 0.491257 0.501718 0.00439425
6 0.496124 0.500786 0.00370704
7 0.493393 0.49973 0.00330624
8 0.474297 0.496551 0.00427841
9 0.509208 0.497957 0.00402679
10 0.508734 0.499035 0.00375947
11 0.480927 0.497389 0.00377804
12 0.492629 0.496992 0.00347159
13 0.488515 0.49634 0.0032593
14 0.487242 0.49569 0.00308671
15 0.495593 0.495684 0.00287358
16 0.494976 0.495639 0.00268835
17 0.507081 0.496312 0.00261341
18 0.515371 0.497371 0.00268182
19 0.502571 0.497645 0.00255147
20 0.491829 0.497354 0.00243794
1 0.502719 0.502719 0
2 0.487283 0.495001 0.00771822
3 0.488106 0.492702 0.0050139
4 0.49483 0.493234 0.00358503
5 0.472701 0.489128 0.00495748
6 0.470599 0.48604 0.00509127
7 0.484826 0.485866 0.0043064
8 0.490656 0.486465 0.00377721
9 0.479345 0.485674 0.00342383
10 0.480141 0.485121 0.00311196
11 0.491124 0.485666 0.0028673
12 0.487538 0.485822 0.00262211
13 0.480035 0.485377 0.00245274
14 0.486785 0.485478 0.00227302
15 0.486259 0.48553 0.00211671
16 0.477199 0.485009 0.00204731
17 0.483269 0.484907 0.00192583
18 0.47622 0.484424 0.00187873
19 0.482612 0.484329 0.00177966
20 0.482632 0.484244 0.00169046
1 0.462481 0.462481 0
2 0.470093 0.466287 0.00380606
3 0.463588 0.465387 0.00237446
4 0.477471 0.468408 0.00345606
5 0.483533 0.471433 0.00403943
6 0.462324 0.469915 0.00363081
7 0.461958 0.468778 0.00327239
8 0.48609 0.470942 0.00356571
9 0.473702 0.471249 0.00315958
10 0.4749 0.471614 0.00284951
11 0.461629 0.470706 0.00273265
12 0.476121 0.471157 0.00253503
13 0.467345 0.470864 0.00235026
14 0.465331 0.470469 0.00221152
15 0.47302 0.470639 0.00206583
16 0.470131 0.470607 0.00193266
17 0.465303 0.470295 0.00184204
18 0.453025 0.469336 0.0019841
19 0.478258 0.469805 0.00193463
20 0.47345 0.469988 0.00184437
1 0.449281 0.449281 0
2 0.451492 0.450387 0.00110545
3 0.452538 0.451104 0.000960097
4 0.454924 0.452059 0.00117173
5 0.453521 0.452351 0.000953568
6 0.454401 0.452693 0.000850264
7 0.455872 0.453147 0.000850081
8 0.457163 0.453649 0.000891029
9 0.465187 0.454931 0.00150371
10 0.458813 0.455319 0.00139986
11 0.460701 0.455809 0.00135746
12 0.476202 0.457508 0.00210324
13 0.457499 0.457507 0.0019347
14 0.452322 0.457137 0.00182908
15 0.459596 0.457301 0.00171065
16 0.45014 0.456853 0.00166158
17 0.452274 0.456584 0.00158386
18 0.448633 0.456142 0.00155723
19 0.464706 0.456593 0.00154041
20 0.454825 0.456504 0.00146403
1 0.436462 0.436462 0
2 0.44947 0.442966 0.00650414
3 0.438588 0.441507 0.00402883
4 0.4457 0.442555 0.00303555
5 0.440633 0.44217 0.00238255
6 0.447399 0.443042 0.00213161
7 0.445229 0.443354 0.00182844
8 0.435344 0.442353 0.00187347
9 0.448492 0.443035 0.00178751
10 0.442843 0.443016 0.00159891
11 0.436564 0.442429 0.00156068
12 0.439273 0.442166 0.00144878
13 0.446031 0.442464 0.00136543
14 0.44449 0.442608 0.00127241
15 0.441039 0.442504 0.00118916
16 0.436257 0.442113 0.00117888
17 0.438698 0.441912 0.00112544
18 0.446895 0.442189 0.00109658
19 0.444176 0.442294 0.00104252
20 0.431039 0.441731 0.00113792
1 0.429522 0.429522 0
2 0.415783 0.422652 0.00686938
3 0.414839 0.420048 0.00474473
4 0.428515 0.422165 0.00396704
5 0.421384 0.422009 0.00307682
6 0.429123 0.423194 0.00277799
7 0.420334 0.422786 0.00238313
8 0.426968 0.423308 0.00212905
9 0.423875 0.423371 0.0018787
10 0.422027 0.423237 0.00168573
11 0.425419 0.423435 0.00153764
12 0.433948 0.424311 0.00165462
13 0.418802 0.423888 0.00157992
14 0.427725 0.424162 0.00148819
15 0.421178 0.423963 0.00139963
16 0.428208 0.424228 0.00133585
17 0.423636 0.424193 0.0012553
18 0.430794 0.42456 0.00123902
19 0.423052 0.424481 0.00117468
20 0.415225 0.424018 0.00120668
1 0.407804 0.407804 0
2 0.408004 0.407904 0.000100261
3 0.408378 0.408062 0.000168472
4 0.417927 0.410528 0.00246914
5 0.411947 0.410812 0.00193351
6 0.413914 0.411329 0.00166118
7 0.404434 0.410344 0.00171498
8 0.404807 0.409652 0.00163855
9 0.406999 0.409357 0.00147481
10 0.414322 0.409854 0.00140946
11 0.411172 0.409974 0.00128052
12 0.416238 0.410496 0.00128023
13 0.41852 0.411113 0.00132961
14 0.419847 0.411737 0.00138003
15 0.404965 0.411285 0.00136174
16 0.401871 0.410697 0.00140312
17 0.407217 0.410492 0.0013338
18 0.407615 0.410332 0.00126764
19 0.40722 0.410169 0.0012102
20 0.406388 0.40998 0.00116356
1 0.399693 0.399693 0
2 0.392365 0.396029 0.00366376
3 0.400188 0.397415 0.00252898
4 0.39167 0.395979 0.00229368
5 0.393411 0.395465 0.00184942
6 0.394137 0.395244 0.00152618
7 0.396733 0.395457 0.00130727
8 0.394715 0.395364 0.00113592
9 0.390434 0.394816 0.00114175
10 0.396066 0.394941 0.00102884
11 0.39787 0.395207 0.000967953
12 0.3939 0.395098 0.000890311
13 0.398668 0.395373 0.000863772
14 0.407076 0.396209 0.00115684
15 0.395819 0.396183 0.00107728
16 0.387309 0.395628 0.00115025
17 0.391384 0.395379 0.00110894
18 0.394789 0.395346 0.00104603
19 0.396362 0.395399 0.000990887
20 0.390733 0.395166 0.000968563
1 0.377499 0.377499 0
2 0.38509 0.381294 0.00379512
3 0.384075 0.382221 0.00237908
4 0.377251 0.380979 0.00209146
5 0.377073 0.380198 0.00179855
6 0.384921 0.380985 0.00166623
7 0.380793 0.380957 0.00140849
8 0.384761 0.381433 0.00130919
9 0.384248 0.381746 0.00119621
10 0.381417 0.381713 0.00107043
11 0.379904 0.381548 0.000982102
12 0.385056 0.381841 0.000942969
13 0.381339 0.381802 0.000868264
14 0.380635 0.381719 0.000808167
15 0.374056 0.381208 0.000909418
16 0.383773 0.381368 0.000865658
17 0.377209 0.381123 0.000849154
18 0.377264 0.380909 0.000828809
19 0.37953 0.380836 0.000787327
20 0.380445 0.380817 0.00074718
1 0.361514 0.361514 0
2 0.36275 0.362132 0.000617872
3 0.369394 0.364553 0.00244672
4 0.363718 0.364344 0.00174262
5 0.359761 0.363427 0.00163156
6 0.363373 0.363418 0.00133219
7 0.363193 0.363386 0.00112637
8 0.359705 0.362926 0.00107854
9 0.362334 0.36286 0.000953461
10 0.362582 0.362832 0.000853254
11 0.362857 0.362835 0.000771801
12 0.366237 0.363118 0.000759457
13 0.363044 0.363113 0.000698623
14 0.365477 0.363281 0.000668493
15 0.363279 0.363281 0.000622333
16 0.363643 0.363304 0.000582578
17 0.361608 0.363204 0.000556257
18 0.362101 0.363143 0.000528014
19 0.362279 0.363097 0.000501513
20 0.364824 0.363184 0.000483548
1 0.349447 0.349447 0
2 0.350026 0.349737 0.000289153
3 0.350239 0.349904 0.000236518
4 0.347262 0.349244 0.000681361
5 0.348092 0.349013 0.000575834
6 0.350035 0.349184 0.000500071
7 0.350114 0.349317 0.000443043
8 0.351777 0.349624 0.000491714
9 0.351339 0.349815 0.000473676
10 0.353537 0.350187 0.000563963
11 0.353782 0.350514 0.000605831
12 0.350971 0.350552 0.000554355
13 0.346239 0.35022 0.000608362
14 0.347085 0.349996 0.000606111
15 0.348984 0.349929 0.000568279
16 0.344293 0.349576 0.000637699
17 0.345136 0.349315 0.000653474
18 0.344067 0.349024 0.000681605
19 0.355121 0.349345 0.000720181
20 0.351205 0.349438 0.000689529
1 0.333258 0.333258 0
2 0.337279 0.335269 0.00201005
3 0.332274 0.33427 0.00153069
4 0.33894 0.335438 0.00159195
5 0.334668 0.335284 0.00124269
6 0.336729 0.335525 0.00104283
7 0.334038 0.335312 0.000906566
8 0.332393 0.334947 0.000865765
9 0.340506 0.335565 0.000982068
10 0.335174 0.335526 0.000879258
11 0.337663 0.33572 0.000818701
12 0.335625 0.335712 0.000747411
13 0.331484 0.335387 0.000760582
14 0.337015 0.335503 0.000713701
15 0.333595 0.335376 0.000676494
16 0.335887 0.335408 0.000633607
17 0.34053 0.335709 0.000667085
18 0.33388 0.335608 0.000637091
19 0.338965 0.335784 0.000628
20 0.329583 0.335474 0.00067162
1 0.320361 0.320361 0
2 0.323148 0.321754 0.00139341
3 0.31747 0.320326 0.00163904
4 0.324573 0.321388 0.00157168
5 0.323995 0.321909 0.00132443
6 0.320287 0.321639 0.00111469
7 0.319682 0.321359 0.000982698
8 0.320082 0.3212 0.000865885
9 0.320802 0.321156 0.000764914
10 0.320843 0.321124 0.000684874
11 0.320421 0.32106 0.000622779
12 0.319602 0.320939 0.000581366
13 0.323368 0.321126 0.000566496
14 0.323437 0.321291 0.000549848
15 0.317844 0.321061 0.000561094
16 0.324734 0.321291 0.000572869
17 0.319792 0.321202 0.000545294
18 0.321473 0.321217 0.000514328
19 0.323703 0.321348 0.000503787
20 0.315092 0.321035 0.00057121
1 0.310912 0.310912 0
2 0.306954 0.308933 0.0019786
3 0.307289 0.308385 0.00126703
4 0.309382 0.308634 0.000929932
5 0.307336 0.308375 0.000765643
6 0.310755 0.308771 0.000740412
7 0.310472 0.309014 0.000671299
8 0.308643 0.308968 0.000583214
9 0.309658 0.309045 0.000520037
10 0.315161 0.309656 0.000768443
11 0.307851 0.309492 0.000714187
12 0.31074 0.309596 0.000660201
13 0.311724 0.30976 0.000628973
14 0.311762 0.309903 0.000599621
15 0.311759 0.310027 0.000571769
16 0.309346 0.309984 0.000536528
17 0.311015 0.310045 0.000507613
18 0.31076 0.310084 0.000480231
19 0.3101 0.310085 0.000454254
20 0.308501 0.310006 0.000438162
1 0.294091 0.294091 0
2 0.296627 0.295359 0.0012677
3 0.294368 0.295029 0.000803052
4 0.295898 0.295246 0.000608039
5 0.293129 0.294823 0.000633327
6 0.297353 0.295244 0.000667247
7 0.298696 0.295737 0.000749081
8 0.296555 0.29584 0.000656728
9 0.298675 0.296155 0.000659304
10 0.298997 0.296439 0.000654634
11 0.29473 0.296284 0.000612187
12 0.298499 0.296468 0.000588543
13 0.297678 0.296561 0.00054932
14 0.296181 0.296534 0.000509295
15 0.295463 0.296463 0.000479474
16 0.293578 0.296282 0.000483375
17 0.300043 0.296504 0.000505078
18 0.299304 0.296659 0.000500957
19 0.298458 0.296754 0.000483221
20 0.296783 0.296755 0.000458426
1 0.287507 0.287507 0
2 0.28118 0.284343 0.00316376
3 0.28628 0.284989 0.00193732
4 0.28935 0.286079 0.00175075
5 0.286183 0.2861 0.00135628
6 0.28391 0.285735 0.001166
7 0.283761 0.285453 0.00102502
8 0.28419 0.285295 0.000901617
9 0.282069 0.284937 0.000872217
10 0.28526 0.284969 0.000780806
11 0.284485 0.284925 0.000707636
12 0.286133 0.285026 0.000653783
13 0.279284 0.284584 0.00074614
14 0.28345 0.284503 0.000695522
15 0.287463 0.2847 0.000676896
16 0.286504 0.284813 0.000643138
17 0.280391 0.284553 0.000657751
18 0.286634 0.284669 0.00063082
19 0.284965 0.284684 0.0005969
20 0.283757 0.284638 0.000568163
1 0.274914 0.274914 0
2 0.274444 0.274679 0.000235253
3 0.271472 0.27361 0.00107767
4 0.272445 0.273319 0.000815766
5 0.272924 0.27324 0.000636799
6 0.271085 0.272881 0.000631965
7 0.272352 0.272805 0.000539423
8 0.272997 0.272829 0.000467772
9 0.269676 0.272479 0.000541262
10 0.272775 0.272508 0.000485023
11 0.27173 0.272438 0.000444386
12 0.276346 0.272763 0.00052025
13 0.273548 0.272824 0.000482355
14 0.274947 0.272975 0.000471637
15 0.271622 0.272885 0.000448249
16 0.273908 0.272949 0.000424145
17 0.271813 0.272882 0.000403978
18 0.272266 0.272848 0.000382408
19 0.272996 0.272856 0.000361806
20 0.273659 0.272896 0.000345579
1 0.260705 0.260705 0
2 0.263454 0.26208 0.00137482
3 0.264642 0.262934 0.00116596
4 0.261513 0.262579 0.000897658
5 0.259118 0.261886 0.000981113
6 0.262274 0.261951 0.000803671
7 0.257911 0.261374 0.000891294
8 0.265089 0.261838 0.000900836
9 0.263526 0.262026 0.000816285
10 0.262015 0.262025 0.000730109
11 0.260255 0.261864 0.000679731
12 0.262864 0.261947 0.000626081
13 0.26217 0.261964 0.000576166
14 0.259987 0.261823 0.000551804
15 0.263408 0.261929 0.000524462
16 0.264349 0.26208 0.000513385
17 0.262684 0.262116 0.000483547
18 0.260925 0.262049 0.000460667
19 0.266112 0.262263 0.000485382
20 0.261286 0.262214 0.000463059
1 0.25213 0.25213 0
2 0.251529 0.25183 0.000300255
3 0.249614 0.251091 0.00075848
4 0.257115 0.252597 0.00159865
5 0.252677 0.252613 0.00123841
6 0.25256 0.252604 0.0010112
7 0.247475 0.251871 0.00112576
8 0.250037 0.251642 0.00100153
9 0.253431 0.251841 0.000905367
10 0.251249 0.251782 0.000811949
11 0.249181 0.251545 0.000771553
12 0.250754 0.251479 0.000707409
13 0.253354 0.251623 0.00066651
14 0.248081 0.25137 0.000666942
15 0.249579 0.251251 0.000632266
16 0.249316 0.25113 0.000603675
17 0.253921 0.251294 0.000590335
18 0.252824 0.251379 0.000563023
19 0.248366 0.251221 0.000555683
20 0.252779 0.251299 0.000532898
1 0.241043 0.241043 0
2 0.242043 0.241543 0.00049993
3 0.238688 0.240591 0.000994641
4 0.24324 0.241254 0.000965996
5 0.240003 0.241004 0.000788951
6 0.241495 0.241086 0.000649368
7 0.23859 0.240729 0.000654449
8 0.240737 0.24073 0.00056677
9 0.240734 0.24073 0.000499845
10 0.238811 0.240538 0.000486534
11 0.239973 0.240487 0.000443083
12 0.242397 0.240646 0.000434664
13 0.242237 0.240769 0.000418129
14 0.239365 0.240668 0.000399883
15 0.239352 0.240581 0.000382466
16 0.239195 0.240494 0.000368099
17 0.239764 0.240451 0.000348421
18 0.243901 0.240643 0.000380329
19 0.242877 0.24076 0.000378492
20 0.244576 0.240951 0.000406606
1 0.234007 0.234007 0
2 0.231246 0.232627 0.00138062
3 0.232637 0.23263 0.000797111
4 0.230146 0.232009 0.000838714
5 0.229803 0.231568 0.000785297
6 0.234009 0.231974 0.000759358
7 0.229511 0.231623 0.000731955
8 0.232375 0.231717 0.000640834
9 0.234215 0.231994 0.000629652
10 0.231479 0.231943 0.000565531
11 0.229164 0.23169 0.000570497
12 0.229972 0.231547 0.000540118
13 0.231693 0.231558 0.000496964
14 0.232832 0.231649 0.000469005
15 0.23133 0.231628 0.000437138
16 0.231512 0.231621 0.00040897
17 0.232996 0.231701 0.000392591
18 0.230589 0.23164 0.000375266
19 0.234045 0.231766 0.000376858
20 0.230985 0.231727 0.000359648
1 0.222407 0.222407 0
2 0.22228 0.222344 6.36315e-05
3 0.225947 0.223545 0.0012018
4 0.221589 0.223056 0.000980473
5 0.223222 0.223089 0.000760198
6 0.222851 0.223049 0.00062197
7 0.218561 0.222408 0.000829127
8 0.222378 0.222404 0.000718055
9 0.223446 0.22252 0.000643759
10 0.220389 0.222307 0.000613984
11 0.220603 0.222152 0.00057658
12 0.223764 0.222286 0.000543205
13 0.220923 0.222182 0.000510569
14 0.22253 0.222206 0.000473351
15 0.221173 0.222138 0.000446021
16 0.223458 0.22222 0.000425301
17 0.220677 0.222129 0.000409684
18 0.221726 0.222107 0.000386904
19 0.221704 0.222086 0.000366589
20 0.223985 0.222181 0.000360513
1 0.213054 0.213054 0
2 0.213222 0.213138 8.3746e-05
3 0.213739 0.213339 0.000206127
4 0.212983 0.21325 0.000170739
5 0.212089 0.213018 0.000267117
6 0.213556 0.213107 0.00023587
7 0.211419 0.212866 0.000312882
8 0.212016 0.21276 0.000291078
9 0.214126 0.212912 0.000298209
10 0.215978 0.213218 0.000406372
11 0.215134 0.213392 0.000406756
12 0.212552 0.213322 0.000377861
13 0.213287 0.21332 0.000347592
14 0.21319 0.21331 0.000321942
15 0.212437 0.213252 0.000305311
16 0.212186 0.213186 0.000293262
17 0.21663 0.213388 0.000341969
18 0.211992 0.213311 0.000331609
19 0.214036 0.213349 0.000315985
20 0.211808 0.213272 0.000309512
1 0.204694 0.204694 0
2 0.20504 0.204867 0.000173021
3 0.208262 0.205998 0.00113623
4 0.205782 0.205944 0.000805258
5 0.202449 0.205245 0.000936919
6 0.208403 0.205771 0.000928553
7 0.204117 0.205535 0.000819582
8 0.206526 0.205659 0.000720504
9 0.20486 0.20557 0.000641599
10 0.206741 0.205687 0.00058569
11 0.20571 0.205689 0.000529781
12 0.206186 0.205731 0.000485388
13 0.205038 0.205677 0.000449659
14 0.205551 0.205668 0.000416401
15 0.207364 0.205781 0.000403794
16 0.203546 0.205642 0.000402722
17 0.207054 0.205725 0.000387302
18 0.205494 0.205712 0.000365377
19 0.205365 0.205694 0.000346094
20 0.204043 0.205611 0.00033855
1 0.196975 0.196975 0
2 0.198305 0.19764 0.000664912
3 0.199152 0.198144 0.000633487
4 0.199433 0.198466 0.000551777
5 0.199122 0.198598 0.000447072
6 0.196553 0.198257 0.000499379
7 0.195948 0.197927 0.000535653
8 0.198456 0.197993 0.000468572
9 0.194674 0.197624 0.000553859
10 0.196323 0.197494 0.000512195
11 0.198319 0.197569 0.000469331
12 0.197748 0.197584 0.000428697
13 0.196611 0.197509 0.00040139
14 0.198435 0.197575 0.000377459
15 0.198088 0.19761 0.000353056
16 0.198218 0.197648 0.000332436
17 0.195332 0.197511 0.000340672
18 0.196762 0.19747 0.000323878
19 0.200086 0.197607 0.000335879
20 0.196092 0.197532 0.000327532
