0           0           0
0.064633           0           0
0.129266           0           0
0.193899           0           0
0.258532           0           0
0.323165           0           0
0.387798           0           0
0.452431           0           0
0.517064           0           0
0.581697           0           0
0.64633           0           0
0.710963           0           0
0.775596           0           0
0.84023 0.000930951        -nan
0.904863    0.148881        -nan
0.969496     1.06905        -nan
1.03413     2.04008        -nan
1.09876     2.26389        -nan
1.16339     2.08125        -nan
1.22803     1.82798        -nan
1.29266     1.61566        -nan
1.35729     1.45166        -nan
1.42193     1.33505        -nan
1.48656     1.25111        -nan
1.55119     1.18954        -nan
1.61583     1.14259        -nan
1.68046     1.11374        -nan
1.74509     1.08963        -nan
1.80973     1.07488        -nan
1.87436     1.06449        -nan
1.93899     1.06045        -nan
2.00362     1.05761        -nan
2.06826     1.05244        -nan
2.13289     1.05104        -nan
2.19752      1.0467        -nan
2.26216     1.04238        -nan
2.32679     1.03564        -nan
2.39142     1.03095        -nan
2.45606     1.02544        -nan
2.52069     1.02066        -nan
2.58532     1.01734        -nan
2.64995     1.01392        -nan
2.71459     1.00965        -nan
2.77922     1.00727        -nan
2.84385      1.0056        -nan
2.90849     1.00262        -nan
2.97312     1.00079        -nan
3.03775    0.999978        -nan
3.10239     0.99955        -nan
3.16702    0.998047        -nan
3.23165    0.996361        -nan
3.29629    0.995913        -nan
3.36092    0.994583        -nan
3.42555    0.994027        -nan
3.49018    0.993654        -nan
3.55482    0.992729        -nan
3.61945    0.992317        -nan
3.68408    0.991602        -nan
3.74872    0.990136        -nan
3.81335    0.990324        -nan
3.87798    0.991236        -nan
3.94262    0.990119        -nan
4.00725    0.989525        -nan
4.07188    0.989798        -nan
4.13651    0.989277        -nan
4.20115    0.989053        -nan
4.26578    0.987435        -nan
4.33041    0.987899        -nan
4.39505    0.987303        -nan
4.45968    0.987394        -nan
4.52431    0.987208        -nan
4.58895    0.987962        -nan
4.65358    0.987164        -nan
4.71821    0.987041        -nan
4.78285    0.986895        -nan
4.84748    0.986287        -nan
4.91211    0.987177        -nan
4.97674    0.987085        -nan
5.04138    0.986397        -nan
5.10601    0.986263        -nan
5.17064    0.986331        -nan
5.23528    0.986386        -nan
5.29991    0.986093        -nan
5.36454      0.9863        -nan
5.42918     0.98628        -nan
5.49381    0.986009        -nan
5.55844    0.985877        -nan
5.62307    0.985777        -nan
5.68771    0.986821        -nan
5.75234    0.986448        -nan
5.81697    0.985923        -nan
5.88161     0.98601        -nan
5.94624    0.985396        -nan
6.01087    0.985367        -nan
6.07551    0.985595        -nan
6.14014    0.985793        -nan
6.20477    0.985466        -nan
6.2694    0.985902        -nan
6.33404    0.985886 0.000345863
6.39867    0.985845  0.00976569
6.4633           0           0
